100 4
4 1 4 3 
18 22 3
5 8 3
12 15 1
8 11 3
14 18 4
13 18 1
18 22 3
13 14 2
16 21 3
20 22 4
1 5 1
22 0 4
5 9 4
20 23 4
13 15 2
18 19 3
6 9 4
23 3 1
11 15 4
13 17 1
21 2 1
9 12 4
8 11 2
7 11 3
18 22 2
2 6 2
9 12 3
23 3 3
23 1 2
12 17 3
13 15 4
11 13 2
3 6 2
20 23 4
22 0 1
22 23 3
17 18 4
14 17 3
4 6 1
5 8 1
20 22 4
4 7 4
3 7 1
8 13 2
12 15 1
12 15 3
17 22 1
10 13 1
17 21 2
14 15 2
23 1 3
23 0 2
2 5 3
4 8 4
8 11 2
16 18 4
4 6 1
4 7 1
17 19 1
21 0 2
0 2 3
5 8 4
22 0 4
23 3 2
9 12 4
20 23 1
2 3 1
8 10 4
11 14 3
2 6 2
6 9 2
8 9 3
21 23 1
0 2 4
17 21 1
4 7 4
5 8 3
23 1 3
20 0 2
7 9 1
20 22 1
11 15 3
8 11 2
10 13 4
18 21 4
0 4 4
19 22 4
4 8 1
3 6 1
5 7 2
21 0 1
0 3 3
1 5 2
22 4 2
12 16 1
23 3 3
4 6 4
19 22 3
16 19 2
0 3 4
