46 5 1
43 5 2
5 5 1
8 5 3
29 5 3
74 4 1
18 4 4
19 4 1
85 4 4
23 4 3
25 4 2
81 4 3
78 4 2
24 4 2
69 4 2
42 4 1
53 4 4
48 4 2
87 4 1
0 4 3
4 4 4
6 4 3
94 4 1
10 4 1
92 4 2
12 4 4
64 3 4
86 3 4
99 3 4
52 3 3
98 3 2
88 3 1
84 3 4
54 3 2
57 3 1
59 3 2
61 3 4
82 3 2
65 3 1
68 3 3
97 3 3
70 3 2
83 3 4
75 3 4
76 3 3
90 3 1
1 3 3
91 3 3
32 3 2
2 3 1
3 3 3
13 3 4
16 3 4
21 3 4
22 3 2
26 3 3
47 3 1
33 3 4
37 3 3
39 3 1
45 3 3
44 3 1
41 3 4
60 2 3
96 2 4
9 2 4
11 2 4
14 2 2
89 2 2
55 2 4
80 2 1
79 2 1
30 2 4
31 2 2
73 2 4
72 2 1
56 2 1
38 2 1
40 2 4
62 2 4
34 2 1
67 2 4
58 2 1
49 1 2
7 1 2
51 1 2
36 1 4
15 1 3
66 1 1
35 1 3
71 1 3
93 -18 2
20 -19 1
17 -20 1
63 -20 2
27 -20 3
95 -20 3
28 -22 2
50 -22 3
77 -22 3
