24
13654 8257 12658 8559 7531 5512 7874 6591 8113 11522 6802 2401 58 112 1777 9117 11679 13678 11326 11518 6162 2819 8712 4904 
5 2 3 0 1 2 1 4 3 3 
13654 0 1 1 3
8257 1 2 1 7
12658 2 3 1 8
8559 3 4 1 3
7531 4 5 1 6
5512 5 6 1 1
7874 6 7 1 8
6591 7 8 1 10
8113 8 9 1 10
11522 9 10 1 1
6802 10 11 1 8
2401 11 12 1 6
58 12 13 1 1
112 13 14 1 1
1777 14 15 1 9
9117 15 16 1 8
11679 16 17 1 9
13678 17 18 1 10
11326 18 19 1 5
11518 19 20 1 1
6162 20 21 1 2
2819 21 22 1 2
8712 22 23 1 3
4904 23 24 1 9
24
