24
25703 23540 27597 20289 28474 31004 9927 17393 18626 5178 17741 27450 366 30579 24142 10857 27544 4039 28834 22697 30633 16522 15414 19042 
1 2 1 0 5 4 1 1 4 5 
25703 0 1 1 8
23540 1 2 1 1
27597 2 3 1 10
20289 3 4 1 9
28474 4 5 1 10
31004 5 6 1 6
9927 6 7 1 9
17393 7 8 1 10
18626 8 9 1 3
5178 9 10 1 6
17741 10 11 1 5
27450 11 12 1 6
366 12 13 1 9
30579 13 14 1 5
24142 14 15 1 5
10857 15 16 1 2
27544 16 17 1 10
4039 17 18 1 10
28834 18 19 1 7
22697 19 20 1 2
30633 20 21 1 6
16522 21 22 1 9
15414 22 23 1 5
19042 23 24 1 5
24
