24
20028 28115 18527 37303 36829 10475 15257 20288 14919 15013 10094 32410 28957 21473 658 3601 27599 3419 33581 12586 14575 13286 13909 27350 
3 2 1 5 3 0 6 2 2 0 
20028 0 1 1 8
28115 1 2 1 7
18527 2 3 1 5
37303 3 4 1 7
36829 4 5 1 9
10475 5 6 1 3
15257 6 7 1 4
20288 7 8 1 2
14919 8 9 1 1
15013 9 10 1 5
10094 10 11 1 5
32410 11 12 1 4
28957 12 13 1 2
21473 13 14 1 7
658 14 15 1 9
3601 15 16 1 4
27599 16 17 1 4
3419 17 18 1 7
33581 18 19 1 8
12586 19 20 1 1
14575 20 21 1 7
13286 21 22 1 4
13909 22 23 1 7
27350 23 24 1 1
24
