24
6263 3151 34172 43365 41113 27939 17256 43921 31517 25643 41376 15367 33639 14728 18082 39282 12496 25393 31 33239 26120 28837 31428 34139 
2 2 2 1 1 1 2 1 1 2 1 2 1 3 0 2 
6263 0 1 1 16
3151 1 2 1 14
34172 2 3 1 12
43365 3 4 1 8
41113 4 5 1 16
27939 5 6 1 6
17256 6 7 1 7
43921 7 8 1 1
31517 8 9 1 3
25643 9 10 1 12
41376 10 11 1 14
15367 11 12 1 7
33639 12 13 1 10
14728 13 14 1 3
18082 14 15 1 13
39282 15 16 1 5
12496 16 17 1 9
25393 17 18 1 14
31 18 19 1 2
33239 19 20 1 2
26120 20 21 1 1
28837 21 22 1 11
31428 22 23 1 4
34139 23 24 1 10
24
