24
20736 9729 23896 18800 8001 904 10904 27744 20305 18331 18632 6860 36868 39570 4785 5894 14928 39710 16585 33345 17667 16790 6085 31548 
2 0 3 2 4 1 1 5 4 2 
20736 0 1 1 5
9729 1 2 1 3
23896 2 3 1 8
18800 3 4 1 8
8001 4 5 1 5
904 5 6 1 10
10904 6 7 1 9
27744 7 8 1 4
20305 8 9 1 4
18331 9 10 1 10
18632 10 11 1 8
6860 11 12 1 6
36868 12 13 1 1
39570 13 14 1 8
4785 14 15 1 9
5894 15 16 1 8
14928 16 17 1 9
39710 17 18 1 9
16585 18 19 1 3
33345 19 20 1 7
17667 20 21 1 3
16790 21 22 1 5
6085 22 23 1 5
31548 23 24 1 1
24
