24
35321 21975 27395 3343 25223 33908 31104 11700 16192 7642 13433 12895 7990 34382 27841 7259 15013 28001 15954 3504 30872 34349 831 5251 
6 1 2 2 1 3 3 2 2 2 
35321 0 1 1 2
21975 1 2 1 10
27395 2 3 1 1
3343 3 4 1 4
25223 4 5 1 7
33908 5 6 1 9
31104 6 7 1 9
11700 7 8 1 1
16192 8 9 1 1
7642 9 10 1 8
13433 10 11 1 6
12895 11 12 1 5
7990 12 13 1 7
34382 13 14 1 10
27841 14 15 1 1
7259 15 16 1 8
15013 16 17 1 4
28001 17 18 1 1
15954 18 19 1 1
3504 19 20 1 6
30872 20 21 1 6
34349 21 22 1 3
831 22 23 1 7
5251 23 24 1 3
24
