24
41020 12201 7328 42552 15423 5117 43036 472 34146 2268 5564 13323 23571 14288 7720 38916 33910 16237 9153 22326 36023 43217 798 9884 
2 3 2 3 1 2 2 4 1 4 
41020 0 1 1 10
12201 1 2 1 8
7328 2 3 1 10
42552 3 4 1 6
15423 4 5 1 10
5117 5 6 1 10
43036 6 7 1 7
472 7 8 1 2
34146 8 9 1 8
2268 9 10 1 4
5564 10 11 1 1
13323 11 12 1 3
23571 12 13 1 4
14288 13 14 1 1
7720 14 15 1 8
38916 15 16 1 2
33910 16 17 1 6
16237 17 18 1 3
9153 18 19 1 8
22326 19 20 1 2
36023 20 21 1 9
43217 21 22 1 4
798 22 23 1 7
9884 23 24 1 5
24
