24
9456 43480 31181 7516 47977 35936 34964 32532 3638 21798 7570 39242 1434 44866 15650 40913 18766 11457 8975 4213 43027 44352 26946 26731 
2 1 2 1 2 2 2 2 3 2 0 1 2 1 0 1 0 
9456 0 1 1 9
43480 1 2 1 3
31181 2 3 1 1
7516 3 4 1 16
47977 4 5 1 1
35936 5 6 1 10
34964 6 7 1 6
32532 7 8 1 12
3638 8 9 1 8
21798 9 10 1 13
7570 10 11 1 7
39242 11 12 1 5
1434 12 13 1 10
44866 13 14 1 2
15650 14 15 1 9
40913 15 16 1 8
18766 16 17 1 3
11457 17 18 1 13
8975 18 19 1 9
4213 19 20 1 14
43027 20 21 1 7
44352 21 22 1 6
26946 22 23 1 5
26731 23 24 1 4
24
