24
34088 46562 7916 25840 28279 20622 47389 15947 31982 45530 11959 42576 37602 13013 33819 12621 21305 28822 30998 27815 24802 34150 10327 26199 
3 1 0 0 2 0 1 2 0 0 1 0 0 0 3 1 4 0 1 0 1 0 1 1 1 1 0 0 
34088 0 1 1 2
46562 1 2 1 15
7916 2 3 1 15
25840 3 4 1 17
28279 4 5 1 19
20622 5 6 1 8
47389 6 7 1 17
15947 7 8 1 23
31982 8 9 1 25
45530 9 10 1 16
11959 10 11 1 11
42576 11 12 1 1
37602 12 13 1 1
13013 13 14 1 24
33819 14 15 1 8
12621 15 16 1 5
21305 16 17 1 26
28822 17 18 1 1
30998 18 19 1 7
27815 19 20 1 17
24802 20 21 1 21
34150 21 22 1 5
10327 22 23 1 17
26199 23 24 1 15
24
