24
23926 44758 48426 13312 126 25648 40531 45786 26953 16783 44482 44776 5652 42734 42675 47302 44764 35732 43443 22961 166 47982 47022 5092 
2 0 4 3 2 0 3 3 1 2 3 1 0 
23926 0 1 1 11
44758 1 2 1 3
48426 2 3 1 11
13312 3 4 1 1
126 4 5 1 8
25648 5 6 1 12
40531 6 7 1 4
45786 7 8 1 3
26953 8 9 1 7
16783 9 10 1 8
44482 10 11 1 5
44776 11 12 1 11
5652 12 13 1 3
42734 13 14 1 5
42675 14 15 1 1
47302 15 16 1 7
44764 16 17 1 8
35732 17 18 1 7
43443 18 19 1 10
22961 19 20 1 4
166 20 21 1 3
47982 21 22 1 9
47022 22 23 1 4
5092 23 24 1 10
24
