24
25138 13693 34462 22266 23561 27418 547 31193 4676 1170 24475 30275 12296 23923 23659 14846 1413 36348 21228 41138 4137 16712 39950 36715 
5 2 1 2 2 3 1 3 4 1 
25138 0 1 1 9
13693 1 2 1 8
34462 2 3 1 8
22266 3 4 1 9
23561 4 5 1 7
27418 5 6 1 6
547 6 7 1 1
31193 7 8 1 6
4676 8 9 1 2
1170 9 10 1 4
24475 10 11 1 5
30275 11 12 1 4
12296 12 13 1 9
23923 13 14 1 2
23659 14 15 1 8
14846 15 16 1 1
1413 16 17 1 10
36348 17 18 1 6
21228 18 19 1 1
41138 19 20 1 1
4137 20 21 1 9
16712 21 22 1 1
39950 22 23 1 5
36715 23 24 1 3
24
