24
5489 6453 10309 17774 2378 7887 7920 9005 13228 14501 8474 6697 402 13580 5050 28761 16740 23483 22554 1717 24990 6633 17321 4268 
1 4 1 2 6 1 2 3 2 2 
5489 0 1 1 7
6453 1 2 1 5
10309 2 3 1 5
17774 3 4 1 8
2378 4 5 1 5
7887 5 6 1 9
7920 6 7 1 3
9005 7 8 1 10
13228 8 9 1 5
14501 9 10 1 5
8474 10 11 1 4
6697 11 12 1 2
402 12 13 1 6
13580 13 14 1 1
5050 14 15 1 2
28761 15 16 1 4
16740 16 17 1 5
23483 17 18 1 10
22554 18 19 1 9
1717 19 20 1 8
24990 20 21 1 7
6633 21 22 1 2
17321 22 23 1 8
4268 23 24 1 2
24
