24
3384 8300 13341 18364 776 5793 6271 7477 10750 9275 9993 1595 7855 13365 10185 1229 2169 19545 2172 11142 12955 19130 403 11278 
4 2 1 2 2 1 4 1 5 2 
3384 0 1 1 7
8300 1 2 1 2
13341 2 3 1 10
18364 3 4 1 4
776 4 5 1 1
5793 5 6 1 10
6271 6 7 1 9
7477 7 8 1 7
10750 8 9 1 6
9275 9 10 1 1
9993 10 11 1 5
1595 11 12 1 2
7855 12 13 1 7
13365 13 14 1 9
10185 14 15 1 1
1229 15 16 1 7
2169 16 17 1 4
19545 17 18 1 8
2172 18 19 1 9
11142 19 20 1 9
12955 20 21 1 9
19130 21 22 1 3
403 22 23 1 5
11278 23 24 1 1
24
