24
4684 5790 13035 5650 6684 7762 7638 2309 5527 8583 8341 832 10488 10267 4381 7275 2468 6020 2126 2522 14970 4541 11000 7777 
2 0 1 3 3 2 4 1 4 4 
4684 0 1 1 5
5790 1 2 1 8
13035 2 3 1 7
5650 3 4 1 10
6684 4 5 1 1
7762 5 6 1 7
7638 6 7 1 4
2309 7 8 1 5
5527 8 9 1 9
8583 9 10 1 6
8341 10 11 1 4
832 11 12 1 9
10488 12 13 1 10
10267 13 14 1 6
4381 14 15 1 1
7275 15 16 1 4
2468 16 17 1 10
6020 17 18 1 3
2126 18 19 1 5
2522 19 20 1 7
14970 20 21 1 10
4541 21 22 1 7
11000 22 23 1 9
7777 23 24 1 9
24
