24
46538 33865 46585 32986 12931 46512 10483 24208 45359 12807 32507 25784 31267 1575 41672 25643 11571 30279 3151 41548 13170 48663 47389 9449 
1 2 1 0 2 4 1 1 0 0 1 1 0 1 1 0 1 0 1 1 1 0 0 1 2 1 
46538 0 1 1 21
33865 1 2 1 6
46585 2 3 1 7
32986 3 4 1 26
12931 4 5 1 6
46512 5 6 1 25
10483 6 7 1 3
24208 7 8 1 5
45359 8 9 1 1
12807 9 10 1 6
32507 10 11 1 2
25784 11 12 1 11
31267 12 13 1 15
1575 13 14 1 19
41672 14 15 1 20
25643 15 16 1 12
11571 16 17 1 6
30279 17 18 1 14
3151 18 19 1 2
41548 19 20 1 5
13170 20 21 1 25
48663 21 22 1 17
47389 22 23 1 8
9449 23 24 1 24
24
