24
2582 16487 7451 6638 19475 631 7153 8799 13771 18082 15933 20181 19897 750 8405 2774 19399 15819 18131 9426 19046 12467 1321 14390 
2 1 4 2 2 2 4 3 1 3 
2582 0 1 1 2
16487 1 2 1 7
7451 2 3 1 7
6638 3 4 1 1
19475 4 5 1 8
631 5 6 1 10
7153 6 7 1 9
8799 7 8 1 5
13771 8 9 1 7
18082 9 10 1 4
15933 10 11 1 3
20181 11 12 1 10
19897 12 13 1 1
750 13 14 1 7
8405 14 15 1 8
2774 15 16 1 6
19399 16 17 1 6
15819 17 18 1 3
18131 18 19 1 5
9426 19 20 1 4
19046 20 21 1 8
12467 21 22 1 10
1321 22 23 1 3
14390 23 24 1 3
24
