24
6500 20255 34169 18476 40715 37148 37493 24114 12961 27779 24600 36937 48675 33804 30669 17256 7226 49424 14946 33383 44543 45082 7401 1837 
2 1 3 2 1 1 2 0 1 1 0 0 1 0 1 1 0 1 1 0 2 0 3 
6500 0 1 1 10
20255 1 2 1 9
34169 2 3 1 19
18476 3 4 1 2
40715 4 5 1 21
37148 5 6 1 4
37493 6 7 1 7
24114 7 8 1 13
12961 8 9 1 7
27779 9 10 1 21
24600 10 11 1 1
36937 11 12 1 23
48675 12 13 1 5
33804 13 14 1 16
30669 14 15 1 3
17256 15 16 1 3
7226 16 17 1 4
49424 17 18 1 6
14946 18 19 1 15
33383 19 20 1 3
44543 20 21 1 23
45082 21 22 1 18
7401 22 23 1 1
1837 23 24 1 23
24
