24
1591 22389 18626 5768 5930 5660 14692 7557 9682 22699 12231 13835 1536 20259 4595 4614 4784 23508 8053 11312 12386 13194 8268 11002 
2 2 3 4 2 2 3 4 0 2 
1591 0 1 1 2
22389 1 2 1 7
18626 2 3 1 8
5768 3 4 1 3
5930 4 5 1 8
5660 5 6 1 5
14692 6 7 1 4
7557 7 8 1 8
9682 8 9 1 4
22699 9 10 1 3
12231 10 11 1 7
13835 11 12 1 6
1536 12 13 1 3
20259 13 14 1 8
4595 14 15 1 10
4614 15 16 1 7
4784 16 17 1 10
23508 17 18 1 5
8053 18 19 1 4
11312 19 20 1 1
12386 20 21 1 6
13194 21 22 1 1
8268 22 23 1 4
11002 23 24 1 2
24
