24
7052 16882 8474 9925 13363 5703 13613 12089 12108 4332 4489 11413 19349 9832 1022 15570 2065 3442 19873 3303 19269 7441 16836 12062 
2 2 2 2 1 4 2 4 4 1 
7052 0 1 1 5
16882 1 2 1 1
8474 2 3 1 4
9925 3 4 1 8
13363 4 5 1 6
5703 5 6 1 1
13613 6 7 1 6
12089 7 8 1 8
12108 8 9 1 6
4332 9 10 1 8
4489 10 11 1 10
11413 11 12 1 8
19349 12 13 1 4
9832 13 14 1 9
1022 14 15 1 7
15570 15 16 1 9
2065 16 17 1 2
3442 17 18 1 3
19873 18 19 1 9
3303 19 20 1 2
19269 20 21 1 9
7441 21 22 1 7
16836 22 23 1 3
12062 23 24 1 6
24
