24
32786 25490 9629 31370 24655 48747 27027 49612 22811 29864 2571 46914 3879 35937 35065 37417 42441 10521 17982 19346 28544 48792 30171 52446 
0 3 4 4 4 2 3 2 1 1 
32786 0 1 1 5
25490 1 2 1 3
9629 2 3 1 9
31370 3 4 1 5
24655 4 5 1 2
48747 5 6 1 7
27027 6 7 1 7
49612 7 8 1 10
22811 8 9 1 3
29864 9 10 1 4
2571 10 11 1 2
46914 11 12 1 7
3879 12 13 1 2
35937 13 14 1 8
35065 14 15 1 4
37417 15 16 1 8
42441 16 17 1 6
10521 17 18 1 4
17982 18 19 1 4
19346 19 20 1 3
28544 20 21 1 3
48792 21 22 1 5
30171 22 23 1 5
52446 23 24 1 6
24
