24
24949 46076 9118 28516 36101 37667 27353 15767 1316 24848 22276 27836 28979 36562 15416 37113 18458 8547 30916 4671 2407 2035 20807 29238 
1 2 2 0 1 2 0 0 0 1 0 3 1 2 2 0 1 1 3 2 0 0 0 
24949 0 1 1 19
46076 1 2 1 2
9118 2 3 1 12
28516 3 4 1 15
36101 4 5 1 14
37667 5 6 1 1
27353 6 7 1 20
15767 7 8 1 13
1316 8 9 1 6
24848 9 10 1 12
22276 10 11 1 18
27836 11 12 1 10
28979 12 13 1 20
36562 13 14 1 2
15416 14 15 1 14
37113 15 16 1 5
18458 16 17 1 3
8547 17 18 1 19
30916 18 19 1 15
4671 19 20 1 17
2407 20 21 1 12
2035 21 22 1 3
20807 22 23 1 19
29238 23 24 1 6
24
