24
993 11656 3053 355 4097 14036 5671 5729 9116 16643 17813 2531 11797 4393 5256 12239 7298 1144 111 11237 2397 11911 1027 11835 
4 1 2 2 6 1 3 0 3 2 
993 0 1 1 7
11656 1 2 1 5
3053 2 3 1 4
355 3 4 1 1
4097 4 5 1 6
14036 5 6 1 10
5671 6 7 1 3
5729 7 8 1 5
9116 8 9 1 1
16643 9 10 1 5
17813 10 11 1 1
2531 11 12 1 4
11797 12 13 1 5
4393 13 14 1 7
5256 14 15 1 5
12239 15 16 1 2
7298 16 17 1 1
1144 17 18 1 9
111 18 19 1 10
11237 19 20 1 5
2397 20 21 1 7
11911 21 22 1 9
1027 22 23 1 3
11835 23 24 1 9
24
