24
7895 34064 6252 34820 29435 26702 12910 16845 35472 19394 11528 18185 6663 8941 16454 26578 11 18544 14386 15137 28279 239 144 18417 
3 2 0 3 2 5 3 3 3 0 
7895 0 1 1 1
34064 1 2 1 9
6252 2 3 1 4
34820 3 4 1 6
29435 4 5 1 5
26702 5 6 1 7
12910 6 7 1 6
16845 7 8 1 8
35472 8 9 1 4
19394 9 10 1 4
11528 10 11 1 9
18185 11 12 1 7
6663 12 13 1 1
8941 13 14 1 6
16454 14 15 1 5
26578 15 16 1 6
11 16 17 1 1
18544 17 18 1 6
14386 18 19 1 8
15137 19 20 1 9
28279 20 21 1 8
239 21 22 1 2
144 22 23 1 7
18417 23 24 1 2
24
