24
41509 26858 16019 49024 47583 42316 36895 22133 3989 23272 44359 15842 33246 17660 44843 49386 49515 23203 53004 34508 6351 37112 10843 51831 
1 3 1 2 2 2 7 1 1 4 
41509 0 1 1 8
26858 1 2 1 10
16019 2 3 1 4
49024 3 4 1 7
47583 4 5 1 10
42316 5 6 1 10
36895 6 7 1 10
22133 7 8 1 9
3989 8 9 1 7
23272 9 10 1 2
44359 10 11 1 7
15842 11 12 1 6
33246 12 13 1 2
17660 13 14 1 7
44843 14 15 1 5
49386 15 16 1 2
49515 16 17 1 4
23203 17 18 1 6
53004 18 19 1 1
34508 19 20 1 7
6351 20 21 1 7
37112 21 22 1 3
10843 22 23 1 5
51831 23 24 1 7
24
