24
26059 40299 32312 1916 20873 14759 17240 16019 8239 5599 36933 17807 6922 35581 17499 35858 14720 12034 42459 8064 44249 14442 8783 26570 
2 2 2 3 1 4 2 4 2 2 
26059 0 1 1 4
40299 1 2 1 4
32312 2 3 1 6
1916 3 4 1 9
20873 4 5 1 8
14759 5 6 1 4
17240 6 7 1 1
16019 7 8 1 2
8239 8 9 1 3
5599 9 10 1 2
36933 10 11 1 1
17807 11 12 1 9
6922 12 13 1 8
35581 13 14 1 10
17499 14 15 1 10
35858 15 16 1 6
14720 16 17 1 5
12034 17 18 1 7
42459 18 19 1 6
8064 19 20 1 8
44249 20 21 1 7
14442 21 22 1 6
8783 22 23 1 3
26570 23 24 1 8
24
