24
19217 13822 29953 20232 26343 24744 4951 15606 43245 23504 33103 27231 7221 9044 33451 4357 40322 38012 39040 41508 11385 2777 28234 4410 
1 1 3 2 1 3 1 3 1 3 1 3 1 
19217 0 1 1 11
13822 1 2 1 12
29953 2 3 1 12
20232 3 4 1 8
26343 4 5 1 6
24744 5 6 1 1
4951 6 7 1 4
15606 7 8 1 8
43245 8 9 1 7
23504 9 10 1 3
33103 10 11 1 12
27231 11 12 1 3
7221 12 13 1 6
9044 13 14 1 2
33451 14 15 1 9
4357 15 16 1 10
40322 16 17 1 13
38012 17 18 1 10
39040 18 19 1 4
41508 19 20 1 6
11385 20 21 1 5
2777 21 22 1 8
28234 22 23 1 3
4410 23 24 1 10
24
