24
12228 2750 5043 781 15219 14517 7518 9557 18474 10913 9523 15392 14816 10872 6657 5208 13831 9327 16452 6978 9187 1784 1897 5419 
0 2 1 1 4 3 4 1 2 6 
12228 0 1 1 10
2750 1 2 1 9
5043 2 3 1 3
781 3 4 1 6
15219 4 5 1 5
14517 5 6 1 10
7518 6 7 1 10
9557 7 8 1 5
18474 8 9 1 10
10913 9 10 1 6
9523 10 11 1 2
15392 11 12 1 2
14816 12 13 1 7
10872 13 14 1 5
6657 14 15 1 7
5208 15 16 1 8
13831 16 17 1 4
9327 17 18 1 9
16452 18 19 1 10
6978 19 20 1 5
9187 20 21 1 6
1784 21 22 1 7
1897 22 23 1 10
5419 23 24 1 7
24
