24
10105 39642 32758 42333 43390 13727 32101 1485 17834 23573 25810 24450 27831 7786 12451 4330 3098 19523 7193 45931 19473 4627 5092 21542 
0 1 1 2 0 1 0 1 1 1 3 1 2 0 1 2 1 1 4 1 
10105 0 1 1 17
39642 1 2 1 3
32758 2 3 1 6
42333 3 4 1 19
43390 4 5 1 4
13727 5 6 1 10
32101 6 7 1 11
1485 7 8 1 8
17834 8 9 1 11
23573 9 10 1 12
25810 10 11 1 13
24450 11 12 1 16
27831 12 13 1 19
7786 13 14 1 20
12451 14 15 1 19
4330 15 16 1 2
3098 16 17 1 19
19523 17 18 1 9
7193 18 19 1 16
45931 19 20 1 11
19473 20 21 1 15
4627 21 22 1 13
5092 22 23 1 18
21542 23 24 1 4
24
