24
37509 40785 27875 519 33374 36908 39609 4017 16921 46048 43268 41312 44418 28489 3491 1547 38045 2648 753 39585 17193 2617 8748 19344 
3 2 1 3 6 1 1 1 2 4 
37509 0 1 1 6
40785 1 2 1 7
27875 2 3 1 4
519 3 4 1 4
33374 4 5 1 2
36908 5 6 1 9
39609 6 7 1 10
4017 7 8 1 10
16921 8 9 1 2
46048 9 10 1 8
43268 10 11 1 5
41312 11 12 1 5
44418 12 13 1 4
28489 13 14 1 3
3491 14 15 1 1
1547 15 16 1 5
38045 16 17 1 9
2648 17 18 1 5
753 18 19 1 5
39585 19 20 1 5
17193 20 21 1 1
2617 21 22 1 1
8748 22 23 1 10
19344 23 24 1 10
24
