24
1890 5484 16650 12486 1011 4637 18860 11968 3675 9480 8776 9282 16256 1418 13348 5116 14024 17380 9863 15887 8893 1695 632 17068 
1 4 1 3 2 2 2 4 3 2 
1890 0 1 1 4
5484 1 2 1 8
16650 2 3 1 2
12486 3 4 1 9
1011 4 5 1 9
4637 5 6 1 2
18860 6 7 1 10
11968 7 8 1 5
3675 8 9 1 10
9480 9 10 1 7
8776 10 11 1 4
9282 11 12 1 2
16256 12 13 1 8
1418 13 14 1 1
13348 14 15 1 3
5116 15 16 1 6
14024 16 17 1 7
17380 17 18 1 4
9863 18 19 1 6
15887 19 20 1 8
8893 20 21 1 5
1695 21 22 1 2
632 22 23 1 8
17068 23 24 1 9
24
