24
25687 35357 27740 38411 36987 11458 20771 42659 33348 21638 37056 37335 15994 35143 11994 3083 19317 19069 40915 15211 1851 4323 31172 18155 
2 3 2 3 3 3 0 3 4 1 
25687 0 1 1 3
35357 1 2 1 9
27740 2 3 1 8
38411 3 4 1 8
36987 4 5 1 4
11458 5 6 1 4
20771 6 7 1 6
42659 7 8 1 5
33348 8 9 1 2
21638 9 10 1 3
37056 10 11 1 10
37335 11 12 1 9
15994 12 13 1 9
35143 13 14 1 1
11994 14 15 1 6
3083 15 16 1 5
19317 16 17 1 1
19069 17 18 1 9
40915 18 19 1 2
15211 19 20 1 2
1851 20 21 1 5
4323 21 22 1 4
31172 22 23 1 8
18155 23 24 1 6
24
