24
25106 47344 37886 3674 24293 34775 38767 26412 48383 22832 7065 1331 45152 47328 30274 41604 35933 19753 31030 22605 2627 46442 14753 27729 
1 2 1 3 3 1 0 1 0 4 0 1 0 2 2 0 2 1 
25106 0 1 1 17
47344 1 2 1 5
37886 2 3 1 10
3674 3 4 1 15
24293 4 5 1 17
34775 5 6 1 5
38767 6 7 1 4
26412 7 8 1 3
48383 8 9 1 8
22832 9 10 1 15
7065 10 11 1 4
1331 11 12 1 5
45152 12 13 1 1
47328 13 14 1 4
30274 14 15 1 10
41604 15 16 1 14
35933 16 17 1 14
19753 17 18 1 6
31030 18 19 1 12
22605 19 20 1 18
2627 20 21 1 10
46442 21 22 1 2
14753 22 23 1 10
27729 23 24 1 2
24
