24
10681 9415 3713 6027 21240 8660 13432 4238 1733 2246 13583 22062 7035 15467 4810 1277 2826 10314 4784 5061 22161 23167 6595 4017 
2 1 3 3 3 1 3 3 1 4 
10681 0 1 1 5
9415 1 2 1 5
3713 2 3 1 2
6027 3 4 1 10
21240 4 5 1 10
8660 5 6 1 1
13432 6 7 1 5
4238 7 8 1 4
1733 8 9 1 7
2246 9 10 1 1
13583 10 11 1 4
22062 11 12 1 8
7035 12 13 1 3
15467 13 14 1 7
4810 14 15 1 10
1277 15 16 1 7
2826 16 17 1 3
10314 17 18 1 10
4784 18 19 1 4
5061 19 20 1 9
22161 20 21 1 3
23167 21 22 1 8
6595 22 23 1 6
4017 23 24 1 8
24
