24
48073 4798 16285 48585 20794 39456 3585 29124 25924 8909 28625 28084 50937 30478 39537 38246 33894 17197 54497 52555 29212 52650 20140 25895 
4 2 1 2 1 3 3 1 3 4 
48073 0 1 1 10
4798 1 2 1 3
16285 2 3 1 7
48585 3 4 1 9
20794 4 5 1 7
39456 5 6 1 2
3585 6 7 1 10
29124 7 8 1 10
25924 8 9 1 4
8909 9 10 1 7
28625 10 11 1 5
28084 11 12 1 8
50937 12 13 1 1
30478 13 14 1 1
39537 14 15 1 6
38246 15 16 1 6
33894 16 17 1 2
17197 17 18 1 6
54497 18 19 1 1
52555 19 20 1 9
29212 20 21 1 10
52650 21 22 1 1
20140 22 23 1 4
25895 23 24 1 9
24
