24
8908 3422 19685 35786 24940 44175 24006 47719 2470 25343 35252 23973 8249 29327 15146 32354 459 21224 41316 6197 9837 14122 49991 4213 
3 2 1 3 2 2 1 2 2 3 2 1 
8908 0 1 1 4
3422 1 2 1 6
19685 2 3 1 8
35786 3 4 1 1
24940 4 5 1 11
44175 5 6 1 7
24006 6 7 1 1
47719 7 8 1 6
2470 8 9 1 10
25343 9 10 1 11
35252 10 11 1 5
23973 11 12 1 9
8249 12 13 1 10
29327 13 14 1 2
15146 14 15 1 1
32354 15 16 1 8
459 16 17 1 5
21224 17 18 1 2
41316 18 19 1 3
6197 19 20 1 10
9837 20 21 1 4
14122 21 22 1 4
49991 22 23 1 9
4213 23 24 1 12
24
