24
1903 10194 5717 23163 2031 42462 31592 39013 3257 22401 22179 24091 49753 43210 38015 47695 34758 36560 46279 10384 16419 1161 13949 36410 
0 0 1 0 2 0 1 0 1 2 0 1 1 0 2 2 0 1 3 0 2 0 3 0 0 0 1 0 0 1 
1903 0 1 1 5
10194 1 2 1 23
5717 2 3 1 19
23163 3 4 1 16
2031 4 5 1 16
42462 5 6 1 15
31592 6 7 1 7
39013 7 8 1 18
3257 8 9 1 15
22401 9 10 1 13
22179 10 11 1 9
24091 11 12 1 21
49753 12 13 1 21
43210 13 14 1 3
38015 14 15 1 10
47695 15 16 1 12
34758 16 17 1 10
36560 17 18 1 19
46279 18 19 1 27
10384 19 20 1 23
16419 20 21 1 19
1161 21 22 1 23
13949 22 23 1 30
36410 23 24 1 5
24
