24
8829 6731 26734 24766 38051 43772 20502 15927 20074 47415 22618 48443 2370 7240 14051 17810 28721 39339 8956 30731 16888 45209 26550 9428 
2 0 2 1 3 0 3 3 2 0 1 3 2 2 
8829 0 1 1 13
6731 1 2 1 5
26734 2 3 1 9
24766 3 4 1 3
38051 4 5 1 3
43772 5 6 1 1
20502 6 7 1 11
15927 7 8 1 7
20074 8 9 1 14
47415 9 10 1 9
22618 10 11 1 1
48443 11 12 1 7
2370 12 13 1 12
7240 13 14 1 13
14051 14 15 1 7
17810 15 16 1 14
28721 16 17 1 4
39339 17 18 1 12
8956 18 19 1 8
30731 19 20 1 5
16888 20 21 1 8
45209 21 22 1 12
26550 22 23 1 5
9428 23 24 1 8
24
