24
8732 9970 33103 7995 28178 18058 17021 31246 43982 34444 7760 29824 1649 29637 1944 21417 35633 4914 19489 10140 33209 6668 34584 10134 
2 1 3 1 5 4 1 4 3 0 
8732 0 1 1 8
9970 1 2 1 5
33103 2 3 1 4
7995 3 4 1 3
28178 4 5 1 6
18058 5 6 1 1
17021 6 7 1 9
31246 7 8 1 5
43982 8 9 1 6
34444 9 10 1 7
7760 10 11 1 5
29824 11 12 1 8
1649 12 13 1 8
29637 13 14 1 8
1944 14 15 1 5
21417 15 16 1 3
35633 16 17 1 2
4914 17 18 1 6
19489 18 19 1 9
10140 19 20 1 5
33209 20 21 1 3
6668 21 22 1 9
34584 22 23 1 1
10134 23 24 1 6
24
