24
25825 15885 2871 4448 15339 16594 19705 14381 10139 11371 6719 13706 11156 15919 4079 13431 26593 8800 7200 1918 23309 4875 12222 22926 
4 4 3 1 0 3 0 6 2 1 
25825 0 1 1 8
15885 1 2 1 8
2871 2 3 1 10
4448 3 4 1 1
15339 4 5 1 8
16594 5 6 1 6
19705 6 7 1 4
14381 7 8 1 2
10139 8 9 1 2
11371 9 10 1 3
6719 10 11 1 1
13706 11 12 1 3
11156 12 13 1 3
15919 13 14 1 1
4079 14 15 1 2
13431 15 16 1 6
26593 16 17 1 6
8800 17 18 1 1
7200 18 19 1 9
1918 19 20 1 2
23309 20 21 1 8
4875 21 22 1 8
12222 22 23 1 9
22926 23 24 1 8
24
