24
12528 24419 14081 20176 14587 393 993 19923 17491 13871 9405 10001 19459 13845 20076 9814 7913 20820 8119 3276 21348 1605 16922 19820 
4 2 4 3 2 1 0 3 3 2 
12528 0 1 1 4
24419 1 2 1 1
14081 2 3 1 4
20176 3 4 1 10
14587 4 5 1 1
393 5 6 1 5
993 6 7 1 3
19923 7 8 1 10
17491 8 9 1 1
13871 9 10 1 2
9405 10 11 1 1
10001 11 12 1 3
19459 12 13 1 4
13845 13 14 1 9
20076 14 15 1 8
9814 15 16 1 2
7913 16 17 1 3
20820 17 18 1 9
8119 18 19 1 5
3276 19 20 1 6
21348 20 21 1 8
1605 21 22 1 3
16922 22 23 1 9
19820 23 24 1 8
24
