24
24728 17517 28952 22511 30914 25152 10013 1530 2204 20583 5901 11678 20960 29991 21434 2428 276 8654 17446 17587 2009 9996 16119 31981 
0 1 5 2 4 4 2 2 1 3 
24728 0 1 1 3
17517 1 2 1 10
28952 2 3 1 6
22511 3 4 1 5
30914 4 5 1 5
25152 5 6 1 9
10013 6 7 1 3
1530 7 8 1 2
2204 8 9 1 5
20583 9 10 1 10
5901 10 11 1 8
11678 11 12 1 4
20960 12 13 1 10
29991 13 14 1 7
21434 14 15 1 6
2428 15 16 1 6
276 16 17 1 8
8654 17 18 1 3
17446 18 19 1 3
17587 19 20 1 7
2009 20 21 1 3
9996 21 22 1 6
16119 22 23 1 4
31981 23 24 1 5
24
