24
11294 14195 39069 36540 8337 29775 12538 14544 32603 21274 20863 5446 15789 389 8408 32664 18763 11103 39952 30451 40388 32191 19237 18517 
4 1 5 2 2 2 1 1 5 1 
11294 0 1 1 4
14195 1 2 1 8
39069 2 3 1 1
36540 3 4 1 4
8337 4 5 1 1
29775 5 6 1 5
12538 6 7 1 3
14544 7 8 1 1
32603 8 9 1 6
21274 9 10 1 9
20863 10 11 1 5
5446 11 12 1 9
15789 12 13 1 2
389 13 14 1 10
8408 14 15 1 3
32664 15 16 1 1
18763 16 17 1 9
11103 17 18 1 3
39952 18 19 1 9
30451 19 20 1 3
40388 20 21 1 6
32191 21 22 1 3
19237 22 23 1 9
18517 23 24 1 7
24
