24
16281 1007 24078 19297 29285 5337 8904 10849 32941 25391 14665 22582 31924 19402 8382 5061 25308 24749 13407 7067 715 30275 7766 27458 
2 2 0 3 3 2 3 2 1 6 
16281 0 1 1 7
1007 1 2 1 10
24078 2 3 1 5
19297 3 4 1 6
29285 4 5 1 10
5337 5 6 1 8
8904 6 7 1 10
10849 7 8 1 5
32941 8 9 1 2
25391 9 10 1 4
14665 10 11 1 8
22582 11 12 1 7
31924 12 13 1 10
19402 13 14 1 6
8382 14 15 1 10
5061 15 16 1 1
25308 16 17 1 5
24749 17 18 1 7
13407 18 19 1 10
7067 19 20 1 4
715 20 21 1 2
30275 21 22 1 4
7766 22 23 1 1
27458 23 24 1 9
24
