24
14560 12448 30470 18487 18435 28150 11470 12003 11951 1113 14389 15419 3598 12970 7127 21862 31664 3681 14809 8665 11871 6558 10248 9125 
3 6 2 2 1 3 2 1 1 3 
14560 0 1 1 1
12448 1 2 1 6
30470 2 3 1 6
18487 3 4 1 7
18435 4 5 1 2
28150 5 6 1 4
11470 6 7 1 7
12003 7 8 1 10
11951 8 9 1 2
1113 9 10 1 10
14389 10 11 1 2
15419 11 12 1 6
3598 12 13 1 1
12970 13 14 1 4
7127 14 15 1 2
21862 15 16 1 2
31664 16 17 1 3
3681 17 18 1 9
14809 18 19 1 10
8665 19 20 1 3
11871 20 21 1 1
6558 21 22 1 8
10248 22 23 1 5
9125 23 24 1 2
24
