24
36148 36773 22617 18670 10590 25780 27809 43837 7689 7352 43662 24859 22396 48388 30324 34161 8006 41568 5598 26480 17705 9093 28425 34420 
1 1 0 2 1 0 1 0 1 2 1 2 3 1 1 1 2 1 0 1 1 1 
36148 0 1 1 9
36773 1 2 1 10
22617 2 3 1 12
18670 3 4 1 14
10590 4 5 1 18
25780 5 6 1 4
27809 6 7 1 10
43837 7 8 1 12
7689 8 9 1 13
7352 9 10 1 13
43662 10 11 1 17
24859 11 12 1 7
22396 12 13 1 17
48388 13 14 1 21
30324 14 15 1 4
34161 15 16 1 13
8006 16 17 1 5
41568 17 18 1 2
5598 18 19 1 16
26480 19 20 1 20
17705 20 21 1 22
9093 21 22 1 15
28425 22 23 1 1
34420 23 24 1 11
24
