24
40501 37854 29319 8228 21827 9703 17771 21742 3142 13234 37169 21925 37504 9117 15878 857 6547 23671 609 37256 36090 33234 31772 34740 
1 0 4 0 2 6 4 4 2 1 
40501 0 1 1 6
37854 1 2 1 5
29319 2 3 1 10
8228 3 4 1 6
21827 4 5 1 7
9703 5 6 1 3
17771 6 7 1 6
21742 7 8 1 9
3142 8 9 1 1
13234 9 10 1 3
37169 10 11 1 3
21925 11 12 1 6
37504 12 13 1 5
9117 13 14 1 3
15878 14 15 1 8
857 15 16 1 8
6547 16 17 1 6
23671 17 18 1 8
609 18 19 1 7
37256 19 20 1 7
36090 20 21 1 6
33234 21 22 1 9
31772 22 23 1 8
34740 23 24 1 7
24
