24
42469 19246 10029 45619 38840 14983 4570 36026 33256 13715 46558 13163 1 36487 6799 32437 8912 46616 32299 9273 17581 57421 23278 30997 
2 2 2 1 5 3 3 1 3 2 
42469 0 1 1 5
19246 1 2 1 5
10029 2 3 1 5
45619 3 4 1 9
38840 4 5 1 5
14983 5 6 1 1
4570 6 7 1 6
36026 7 8 1 9
33256 8 9 1 2
13715 9 10 1 5
46558 10 11 1 3
13163 11 12 1 4
1 12 13 1 10
36487 13 14 1 1
6799 14 15 1 7
32437 15 16 1 7
8912 16 17 1 2
46616 17 18 1 10
32299 18 19 1 6
9273 19 20 1 9
17581 20 21 1 3
57421 21 22 1 6
23278 22 23 1 8
30997 23 24 1 7
24
