24
19452 10253 16041 18170 25650 34437 15434 11120 23429 22693 33089 34445 3375 24707 15314 13769 12631 12148 30062 22447 528 22975 33791 20311 
1 1 4 4 4 1 2 2 3 2 
19452 0 1 1 2
10253 1 2 1 3
16041 2 3 1 5
18170 3 4 1 6
25650 4 5 1 7
34437 5 6 1 10
15434 6 7 1 10
11120 7 8 1 1
23429 8 9 1 3
22693 9 10 1 5
33089 10 11 1 7
34445 11 12 1 4
3375 12 13 1 5
24707 13 14 1 4
15314 14 15 1 8
13769 15 16 1 3
12631 16 17 1 5
12148 17 18 1 9
30062 18 19 1 3
22447 19 20 1 8
528 20 21 1 4
22975 21 22 1 9
33791 22 23 1 4
20311 23 24 1 9
24
