24
17985 18703 4251 9033 21833 15210 4802 25937 17390 16551 963 26792 11871 22881 20642 5975 21774 7273 7469 3973 3210 20719 2329 13153 
2 3 4 2 4 3 1 1 0 4 
17985 0 1 1 1
18703 1 2 1 6
4251 2 3 1 10
9033 3 4 1 1
21833 4 5 1 3
15210 5 6 1 3
4802 6 7 1 3
25937 7 8 1 3
17390 8 9 1 8
16551 9 10 1 10
963 10 11 1 7
26792 11 12 1 5
11871 12 13 1 5
22881 13 14 1 4
20642 14 15 1 2
5975 15 16 1 10
21774 16 17 1 6
7273 17 18 1 2
7469 18 19 1 6
3973 19 20 1 4
3210 20 21 1 5
20719 21 22 1 5
2329 22 23 1 2
13153 23 24 1 10
24
