24
47358 40502 23542 1217 25894 22147 18035 34556 13980 29096 28382 40104 8635 37636 38107 45336 47531 44271 13719 20650 39875 11428 7743 34173 
1 0 1 0 2 3 2 1 2 2 2 2 1 0 2 0 1 2 
47358 0 1 1 17
40502 1 2 1 6
23542 2 3 1 5
1217 3 4 1 12
25894 4 5 1 10
22147 5 6 1 12
18035 6 7 1 7
34556 7 8 1 15
13980 8 9 1 7
29096 9 10 1 11
28382 10 11 1 9
40104 11 12 1 11
8635 12 13 1 15
37636 13 14 1 6
38107 14 15 1 6
45336 15 16 1 3
47531 16 17 1 8
44271 17 18 1 1
13719 18 19 1 18
20650 19 20 1 5
39875 20 21 1 9
11428 21 22 1 13
7743 22 23 1 18
34173 23 24 1 10
24
