24
36522 29422 18969 13353 35203 2598 14903 1271 30490 35277 20888 24927 24309 23344 33777 13235 32360 5201 12825 13948 17024 25427 23700 30549 
3 1 4 0 2 4 3 5 0 2 
36522 0 1 1 7
29422 1 2 1 3
18969 2 3 1 1
13353 3 4 1 6
35203 4 5 1 1
2598 5 6 1 6
14903 6 7 1 10
1271 7 8 1 7
30490 8 9 1 6
35277 9 10 1 5
20888 10 11 1 8
24927 11 12 1 7
24309 12 13 1 8
23344 13 14 1 10
33777 14 15 1 3
13235 15 16 1 5
32360 16 17 1 8
5201 17 18 1 2
12825 18 19 1 8
13948 19 20 1 3
17024 20 21 1 6
25427 21 22 1 3
23700 22 23 1 1
30549 23 24 1 8
24
