24
14873 21641 26260 13367 9654 11765 40444 18783 11234 30536 34547 18240 34968 14223 10389 44559 27757 21598 43078 20609 48239 25422 16186 3947 
1 1 4 3 5 2 2 2 2 2 
14873 0 1 1 3
21641 1 2 1 2
26260 2 3 1 4
13367 3 4 1 5
9654 4 5 1 3
11765 5 6 1 5
40444 6 7 1 6
18783 7 8 1 5
11234 8 9 1 10
30536 9 10 1 4
34547 10 11 1 8
18240 11 12 1 9
34968 12 13 1 5
14223 13 14 1 6
10389 14 15 1 3
44559 15 16 1 1
27757 16 17 1 3
21598 17 18 1 4
43078 18 19 1 5
20609 19 20 1 7
48239 20 21 1 8
25422 21 22 1 7
16186 22 23 1 10
3947 23 24 1 9
24
