24
45042 34617 6571 28810 34700 12148 28405 9647 12566 6462 28734 26663 26568 45571 973 18486 34928 42937 12359 41171 27401 31543 4177 25071 
1 1 1 2 0 1 0 2 2 0 2 1 0 1 0 2 0 1 1 1 1 2 1 1 
45042 0 1 1 9
34617 1 2 1 24
6571 2 3 1 4
28810 3 4 1 18
34700 4 5 1 2
12148 5 6 1 21
28405 6 7 1 9
9647 7 8 1 19
12566 8 9 1 16
6462 9 10 1 22
28734 10 11 1 8
26663 11 12 1 22
26568 12 13 1 1
45571 13 14 1 12
973 14 15 1 11
18486 15 16 1 11
34928 16 17 1 14
42937 17 18 1 23
12359 18 19 1 16
41171 19 20 1 6
27401 20 21 1 3
31543 21 22 1 20
4177 22 23 1 8
25071 23 24 1 4
24
