24
6948 12716 12827 5900 5350 17493 874 4845 16780 9663 11032 100 16664 785 5800 20876 1621 14711 4968 8959 9193 5468 21004 11435 
2 3 2 1 3 2 5 1 3 2 
6948 0 1 1 7
12716 1 2 1 9
12827 2 3 1 1
5900 3 4 1 2
5350 4 5 1 10
17493 5 6 1 9
874 6 7 1 8
4845 7 8 1 5
16780 8 9 1 6
9663 9 10 1 2
11032 10 11 1 4
100 11 12 1 7
16664 12 13 1 9
785 13 14 1 5
5800 14 15 1 10
20876 15 16 1 7
1621 16 17 1 5
14711 17 18 1 1
4968 18 19 1 7
8959 19 20 1 7
9193 20 21 1 6
5468 21 22 1 2
21004 22 23 1 3
11435 23 24 1 3
24
