24
41472 697 7059 11016 10242 24711 45815 38786 29912 1 27112 49119 32723 44023 33625 35194 51802 890 27619 34603 39343 1387 14546 567 
2 2 4 3 3 4 0 0 4 2 
41472 0 1 1 6
697 1 2 1 9
7059 2 3 1 3
11016 3 4 1 4
10242 4 5 1 9
24711 5 6 1 6
45815 6 7 1 5
38786 7 8 1 6
29912 8 9 1 4
1 9 10 1 2
27112 10 11 1 4
49119 11 12 1 3
32723 12 13 1 9
44023 13 14 1 3
33625 14 15 1 3
35194 15 16 1 9
51802 16 17 1 5
890 17 18 1 10
27619 18 19 1 6
34603 19 20 1 5
39343 20 21 1 10
1387 21 22 1 2
14546 22 23 1 1
567 23 24 1 1
24
