24
34978 14976 1306 9405 20549 30182 39208 2941 15631 18417 17588 3265 21010 11694 1024 37239 40156 15002 4172 855 3850 18602 16386 793 
3 2 1 1 1 3 3 3 4 3 
34978 0 1 1 1
14976 1 2 1 10
1306 2 3 1 6
9405 3 4 1 7
20549 4 5 1 8
30182 5 6 1 4
39208 6 7 1 9
2941 7 8 1 8
15631 8 9 1 7
18417 9 10 1 7
17588 10 11 1 9
3265 11 12 1 10
21010 12 13 1 2
11694 13 14 1 10
1024 14 15 1 9
37239 15 16 1 8
40156 16 17 1 6
15002 17 18 1 1
4172 18 19 1 6
855 19 20 1 5
3850 20 21 1 3
18602 21 22 1 1
16386 22 23 1 9
793 23 24 1 2
24
