24
21821 2700 11661 8852 31204 13914 30135 26984 37660 20999 19035 28810 37508 9017 19194 1194 10253 22787 29748 15840 24612 22874 30698 20879 
1 3 3 1 2 3 2 4 3 2 
21821 0 1 1 3
2700 1 2 1 9
11661 2 3 1 10
8852 3 4 1 6
31204 4 5 1 2
13914 5 6 1 3
30135 6 7 1 3
26984 7 8 1 5
37660 8 9 1 1
20999 9 10 1 2
19035 10 11 1 7
28810 11 12 1 7
37508 12 13 1 8
9017 13 14 1 8
19194 14 15 1 8
1194 15 16 1 6
10253 16 17 1 6
22787 17 18 1 9
29748 18 19 1 9
15840 19 20 1 10
24612 20 21 1 8
22874 21 22 1 5
30698 22 23 1 2
20879 23 24 1 4
24
