24
14998 11551 1252 22816 11620 37607 43070 16071 15701 1 38526 13337 31960 30842 33432 18115 44762 21674 30076 22519 40091 44035 42420 34155 
1 1 4 3 3 5 0 4 2 1 
14998 0 1 1 1
11551 1 2 1 6
1252 2 3 1 3
22816 3 4 1 3
11620 4 5 1 9
37607 5 6 1 8
43070 6 7 1 9
16071 7 8 1 10
15701 8 9 1 4
1 9 10 1 5
38526 10 11 1 3
13337 11 12 1 2
31960 12 13 1 8
30842 13 14 1 5
33432 14 15 1 8
18115 15 16 1 6
44762 16 17 1 5
21674 17 18 1 6
30076 18 19 1 6
22519 19 20 1 4
40091 20 21 1 3
44035 21 22 1 8
42420 22 23 1 6
34155 23 24 1 4
24
