24
31027 24615 12631 8908 48524 44588 16213 15509 23836 19781 43785 34844 12955 7637 30890 33085 27685 44489 46126 42818 46781 38286 911 8932 
0 1 0 0 0 1 2 1 2 2 1 2 1 2 0 2 0 0 1 1 0 0 1 1 1 1 0 1 0 0 
31027 0 1 1 7
24615 1 2 1 19
12631 2 3 1 16
8908 3 4 1 6
48524 4 5 1 14
44588 5 6 1 2
16213 6 7 1 28
15509 7 8 1 7
23836 8 9 1 9
19781 9 10 1 20
43785 10 11 1 14
34844 11 12 1 24
12955 12 13 1 11
7637 13 14 1 12
30890 14 15 1 23
33085 15 16 1 16
27685 16 17 1 25
44489 17 18 1 10
46126 18 19 1 8
42818 19 20 1 10
46781 20 21 1 26
38286 21 22 1 12
911 22 23 1 9
8932 23 24 1 13
24
