24
30592 37784 48114 13755 40606 6800 23285 18363 38962 5582 30415 49999 30736 41193 32276 43448 40661 38549 6305 32877 17472 30503 35951 39612 
0 0 0 1 1 1 2 0 0 1 2 2 2 1 1 1 1 3 3 0 1 0 0 1 
30592 0 1 1 6
37784 1 2 1 21
48114 2 3 1 4
13755 3 4 1 11
40606 4 5 1 18
6800 5 6 1 12
23285 6 7 1 12
18363 7 8 1 14
38962 8 9 1 18
5582 9 10 1 19
30415 10 11 1 7
49999 11 12 1 7
30736 12 13 1 24
41193 13 14 1 5
32276 14 15 1 10
43448 15 16 1 11
40661 16 17 1 19
38549 17 18 1 13
6305 18 19 1 17
32877 19 20 1 19
17472 20 21 1 16
30503 21 22 1 18
35951 22 23 1 13
39612 23 24 1 15
24
