24
32133 4645 14664 48624 10476 44853 19673 11583 31344 16874 22590 1276 27271 4515 25758 49172 36203 4914 38477 1122 23783 46872 16573 36037 
4 2 0 0 0 1 2 1 0 1 2 0 0 2 2 2 0 1 1 0 2 1 
32133 0 1 1 8
4645 1 2 1 7
14664 2 3 1 21
48624 3 4 1 7
10476 4 5 1 2
44853 5 6 1 14
19673 6 7 1 18
11583 7 8 1 19
31344 8 9 1 6
16874 9 10 1 1
22590 10 11 1 14
1276 11 12 1 10
27271 12 13 1 16
4515 13 14 1 1
25758 14 15 1 15
49172 15 16 1 21
36203 16 17 1 11
4914 17 18 1 1
38477 18 19 1 11
1122 19 20 1 1
23783 20 21 1 2
46872 21 22 1 15
16573 22 23 1 22
36037 23 24 1 16
24
