24
1961 18898 26807 49934 31075 26964 14140 23930 6393 7035 37352 38180 10598 28924 47555 25890 34425 28517 31444 18998 1751 4616 9951 3097 
0 2 4 2 3 2 2 2 0 1 2 1 0 1 0 0 2 
1961 0 1 1 6
18898 1 2 1 5
26807 2 3 1 17
49934 3 4 1 11
31075 4 5 1 8
26964 5 6 1 2
14140 6 7 1 7
23930 7 8 1 3
6393 8 9 1 12
7035 9 10 1 6
37352 10 11 1 3
38180 11 12 1 7
10598 12 13 1 3
28924 13 14 1 10
47555 14 15 1 14
25890 15 16 1 4
34425 16 17 1 4
28517 17 18 1 11
31444 18 19 1 2
18998 19 20 1 8
1751 20 21 1 5
4616 21 22 1 17
9951 22 23 1 3
3097 23 24 1 5
24
