24
42623 23119 38456 43954 29857 11623 39653 29571 6079 9019 7179 29754 12394 31104 8181 49623 26346 10899 9844 25046 37525 5443 23253 28509 
0 1 0 3 4 2 0 1 0 2 0 2 2 2 2 3 
42623 0 1 1 12
23119 1 2 1 5
38456 2 3 1 2
43954 3 4 1 14
29857 4 5 1 5
11623 5 6 1 8
39653 6 7 1 13
29571 7 8 1 4
6079 8 9 1 13
9019 9 10 1 6
7179 10 11 1 16
29754 11 12 1 4
12394 12 13 1 16
31104 13 14 1 15
8181 14 15 1 14
49623 15 16 1 10
26346 16 17 1 4
10899 17 18 1 6
9844 18 19 1 15
25046 19 20 1 5
37525 20 21 1 16
5443 21 22 1 12
23253 22 23 1 10
28509 23 24 1 5
24
