24
33895 3347 38283 48745 14543 17844 45948 28250 24492 10382 26090 18090 26082 10177 5354 37143 9278 29974 17252 12639 37942 9038 31028 25942 
2 2 3 1 5 2 2 2 5 
33895 0 1 1 4
3347 1 2 1 9
38283 2 3 1 1
48745 3 4 1 9
14543 4 5 1 3
17844 5 6 1 9
45948 6 7 1 6
28250 7 8 1 1
24492 8 9 1 9
10382 9 10 1 5
26090 10 11 1 5
18090 11 12 1 7
26082 12 13 1 8
10177 13 14 1 8
5354 14 15 1 6
37143 15 16 1 2
9278 16 17 1 3
29974 17 18 1 5
17252 18 19 1 5
12639 19 20 1 5
37942 20 21 1 3
9038 21 22 1 7
31028 22 23 1 9
25942 23 24 1 2
24
