24
10144 16247 11615 11141 8597 3560 3048 19117 17079 776 1772 14155 20927 12377 2248 20202 19185 18027 21301 1127 5783 20003 13372 7158 
5 3 3 6 1 0 2 2 1 1 
10144 0 1 1 4
16247 1 2 1 4
11615 2 3 1 7
11141 3 4 1 7
8597 4 5 1 8
3560 5 6 1 9
3048 6 7 1 3
19117 7 8 1 1
17079 8 9 1 2
776 9 10 1 2
1772 10 11 1 1
14155 11 12 1 10
20927 12 13 1 4
12377 13 14 1 2
2248 14 15 1 5
20202 15 16 1 8
19185 16 17 1 1
18027 17 18 1 3
21301 18 19 1 4
1127 19 20 1 1
5783 20 21 1 1
20003 21 22 1 3
13372 22 23 1 4
7158 23 24 1 4
24
