24
20537 33704 37141 19453 10997 13505 15831 34803 15334 44299 25149 16207 25034 47790 20834 9387 9250 3865 13423 18905 48284 2449 29921 26704 
4 0 1 3 3 4 1 2 4 2 
20537 0 1 1 10
33704 1 2 1 1
37141 2 3 1 8
19453 3 4 1 1
10997 4 5 1 3
13505 5 6 1 4
15831 6 7 1 10
34803 7 8 1 8
15334 8 9 1 5
44299 9 10 1 6
25149 10 11 1 9
16207 11 12 1 4
25034 12 13 1 9
47790 13 14 1 9
20834 14 15 1 1
9387 15 16 1 4
9250 16 17 1 1
3865 17 18 1 9
13423 18 19 1 6
18905 19 20 1 6
48284 20 21 1 5
2449 21 22 1 6
29921 22 23 1 7
26704 23 24 1 5
24
