24
7889 19561 46889 24456 3258 41848 2060 26543 13518 34225 13028 46056 46952 32596 41982 4290 8148 37720 28160 42833 30298 42605 5645 10299 
1 2 3 2 1 4 1 5 0 5 
7889 0 1 1 6
19561 1 2 1 4
46889 2 3 1 8
24456 3 4 1 6
3258 4 5 1 6
41848 5 6 1 8
2060 6 7 1 6
26543 7 8 1 8
13518 8 9 1 3
34225 9 10 1 7
13028 10 11 1 10
46056 11 12 1 3
46952 12 13 1 1
32596 13 14 1 3
41982 14 15 1 10
4290 15 16 1 2
8148 16 17 1 10
37720 17 18 1 10
28160 18 19 1 8
42833 19 20 1 4
30298 20 21 1 2
42605 21 22 1 10
5645 22 23 1 8
10299 23 24 1 5
24
