24
33250 15413 4486 14593 34583 38393 19009 30568 31994 18941 7626 38467 12299 44869 14127 12093 19151 36442 5135 18241 2621 32551 42550 35881 
1 2 2 1 6 2 2 0 4 4 
33250 0 1 1 2
15413 1 2 1 10
4486 2 3 1 9
14593 3 4 1 5
34583 4 5 1 6
38393 5 6 1 10
19009 6 7 1 2
30568 7 8 1 3
31994 8 9 1 5
18941 9 10 1 6
7626 10 11 1 7
38467 11 12 1 7
12299 12 13 1 1
44869 13 14 1 5
14127 14 15 1 5
12093 15 16 1 5
19151 16 17 1 9
36442 17 18 1 9
5135 18 19 1 5
18241 19 20 1 3
2621 20 21 1 10
32551 21 22 1 4
42550 22 23 1 9
35881 23 24 1 10
24
