24
3484 7136 4056 4995 11907 5135 3948 12621 10956 5440 1717 10093 8333 6055 7927 10836 10577 2811 1271 5678 1372 734 11524 8753 
1 0 2 5 3 2 4 2 4 1 
3484 0 1 1 4
7136 1 2 1 6
4056 2 3 1 9
4995 3 4 1 7
11907 4 5 1 4
5135 5 6 1 10
3948 6 7 1 3
12621 7 8 1 4
10956 8 9 1 8
5440 9 10 1 6
1717 10 11 1 7
10093 11 12 1 8
8333 12 13 1 3
6055 13 14 1 5
7927 14 15 1 5
10836 15 16 1 5
10577 16 17 1 4
2811 17 18 1 4
1271 18 19 1 1
5678 19 20 1 7
1372 20 21 1 9
734 21 22 1 7
11524 22 23 1 9
8753 23 24 1 9
24
