24
787 8525 4857 3198 6787 8635 5825 275 11947 9427 3469 10916 19709 18077 1025 5417 1670 5450 11894 13604 14899 17166 11033 20798 
2 4 1 1 3 3 2 1 4 3 
787 0 1 1 9
8525 1 2 1 4
4857 2 3 1 9
3198 3 4 1 6
6787 4 5 1 5
8635 5 6 1 1
5825 6 7 1 2
275 7 8 1 1
11947 8 9 1 3
9427 9 10 1 9
3469 10 11 1 10
10916 11 12 1 8
19709 12 13 1 7
18077 13 14 1 6
1025 14 15 1 10
5417 15 16 1 2
1670 16 17 1 2
5450 17 18 1 2
11894 18 19 1 5
13604 19 20 1 6
14899 20 21 1 7
17166 21 22 1 9
11033 22 23 1 5
20798 23 24 1 10
24
