24
15471 7249 18140 20900 1426 26518 28454 16179 16459 3821 26442 19680 24063 22783 20780 5021 6911 3749 13610 23027 12770 27565 5924 24579 
2 1 4 2 1 6 3 2 2 1 
15471 0 1 1 2
7249 1 2 1 10
18140 2 3 1 6
20900 3 4 1 7
1426 4 5 1 8
26518 5 6 1 5
28454 6 7 1 6
16179 7 8 1 3
16459 8 9 1 8
3821 9 10 1 3
26442 10 11 1 7
19680 11 12 1 1
24063 12 13 1 7
22783 13 14 1 4
20780 14 15 1 3
5021 15 16 1 6
6911 16 17 1 3
3749 17 18 1 9
13610 18 19 1 1
23027 19 20 1 6
12770 20 21 1 6
27565 21 22 1 6
5924 22 23 1 4
24579 23 24 1 9
24
