24
12446 15301 12307 6726 8197 3359 23221 5707 13574 25010 17888 27018 10063 26286 3283 22466 7767 9222 6092 20267 22461 11367 29842 12905 
6 2 1 4 2 1 0 1 3 4 
12446 0 1 1 10
15301 1 2 1 3
12307 2 3 1 10
6726 3 4 1 4
8197 4 5 1 8
3359 5 6 1 1
23221 6 7 1 1
5707 7 8 1 4
13574 8 9 1 9
25010 9 10 1 4
17888 10 11 1 9
27018 11 12 1 10
10063 12 13 1 1
26286 13 14 1 1
3283 14 15 1 4
22466 15 16 1 2
7767 16 17 1 1
9222 17 18 1 6
6092 18 19 1 5
20267 19 20 1 2
22461 20 21 1 1
11367 21 22 1 5
29842 22 23 1 10
12905 23 24 1 9
24
