24
28124 10300 8128 25234 2941 19311 1315 36381 37233 19465 5970 27021 23766 28417 43117 37854 17728 42722 35787 42896 18026 42759 42830 40371 
1 2 3 2 3 8 1 0 2 2 
28124 0 1 1 6
10300 1 2 1 3
8128 2 3 1 5
25234 3 4 1 6
2941 4 5 1 6
19311 5 6 1 3
1315 6 7 1 7
36381 7 8 1 5
37233 8 9 1 2
19465 9 10 1 10
5970 10 11 1 4
27021 11 12 1 2
23766 12 13 1 3
28417 13 14 1 10
43117 14 15 1 4
37854 15 16 1 1
17728 16 17 1 9
42722 17 18 1 6
35787 18 19 1 6
42896 19 20 1 6
18026 20 21 1 6
42759 21 22 1 9
42830 22 23 1 5
40371 23 24 1 6
24
