24
13023 31335 19022 17234 33898 26184 2660 17677 15594 14415 22219 9706 29965 1453 1630 26220 3468 32167 9711 1495 1352 19113 20889 9086 
4 1 2 1 2 1 4 2 2 5 
13023 0 1 1 10
31335 1 2 1 10
19022 2 3 1 5
17234 3 4 1 10
33898 4 5 1 6
26184 5 6 1 7
2660 6 7 1 1
17677 7 8 1 8
15594 8 9 1 9
14415 9 10 1 1
22219 10 11 1 5
9706 11 12 1 4
29965 12 13 1 8
1453 13 14 1 7
1630 14 15 1 2
26220 15 16 1 10
3468 16 17 1 3
32167 17 18 1 3
9711 18 19 1 7
1495 19 20 1 1
1352 20 21 1 9
19113 21 22 1 7
20889 22 23 1 10
9086 23 24 1 1
24
