24
17270 37023 41119 18764 29480 20033 32991 18474 45309 26010 30387 36132 46821 49320 15717 34954 34296 30317 44669 46463 37295 45497 34910 733 
1 0 4 3 0 0 0 0 0 0 0 1 0 1 1 1 1 3 2 0 2 0 0 1 0 2 1 
17270 0 1 1 4
37023 1 2 1 16
41119 2 3 1 3
18764 3 4 1 3
29480 4 5 1 18
20033 5 6 1 18
32991 6 7 1 3
18474 7 8 1 26
45309 8 9 1 4
26010 9 10 1 18
30387 10 11 1 19
36132 11 12 1 12
46821 12 13 1 15
49320 13 14 1 1
15717 14 15 1 19
34954 15 16 1 26
34296 16 17 1 21
30317 17 18 1 4
44669 18 19 1 17
46463 19 20 1 24
37295 20 21 1 3
45497 21 22 1 14
34910 22 23 1 27
733 23 24 1 21
24
