24
10906 49262 27099 11637 2533 44496 15098 29599 43743 21002 37146 25510 27148 1839 48390 6385 26280 38281 19262 15390 14544 44323 31065 6927 
0 0 1 1 1 0 1 0 0 0 1 0 2 1 0 1 2 1 1 3 0 1 1 2 0 0 0 1 3 0 
10906 0 1 1 18
49262 1 2 1 7
27099 2 3 1 3
11637 3 4 1 16
2533 4 5 1 20
44496 5 6 1 17
15098 6 7 1 17
29599 7 8 1 13
43743 8 9 1 29
21002 9 10 1 29
37146 10 11 1 11
25510 11 12 1 20
27148 12 13 1 28
1839 13 14 1 22
48390 14 15 1 29
6385 15 16 1 13
26280 16 17 1 24
38281 17 18 1 23
19262 18 19 1 19
15390 19 20 1 4
14544 20 21 1 5
44323 21 22 1 14
31065 22 23 1 24
6927 23 24 1 20
24
