24
31052 27637 27872 28203 31974 16814 14930 29552 29411 23096 24625 22282 6407 3268 8480 24185 9246 26501 14150 29593 31100 15519 328 23062 
2 2 3 1 3 4 5 2 1 1 
31052 0 1 1 1
27637 1 2 1 9
27872 2 3 1 7
28203 3 4 1 5
31974 4 5 1 2
16814 5 6 1 8
14930 6 7 1 4
29552 7 8 1 3
29411 8 9 1 6
23096 9 10 1 6
24625 10 11 1 6
22282 11 12 1 7
6407 12 13 1 2
3268 13 14 1 1
8480 14 15 1 7
24185 15 16 1 3
9246 16 17 1 8
26501 17 18 1 7
14150 18 19 1 7
29593 19 20 1 5
31100 20 21 1 10
15519 21 22 1 3
328 22 23 1 6
23062 23 24 1 5
24
