24
25797 9600 30303 946 41998 48243 9337 33985 11992 25340 22769 11600 12977 30831 7 19854 39268 12405 9121 42935 2459 7671 12680 43035 
2 3 3 1 4 1 2 4 2 2 
25797 0 1 1 3
9600 1 2 1 10
30303 2 3 1 2
946 3 4 1 6
41998 4 5 1 1
48243 5 6 1 4
9337 6 7 1 7
33985 7 8 1 1
11992 8 9 1 3
25340 9 10 1 5
22769 10 11 1 3
11600 11 12 1 9
12977 12 13 1 8
30831 13 14 1 5
7 14 15 1 2
19854 15 16 1 5
39268 16 17 1 8
12405 17 18 1 5
9121 18 19 1 10
42935 19 20 1 7
2459 20 21 1 8
7671 21 22 1 8
12680 22 23 1 9
43035 23 24 1 2
24
