24
15774 15140 26729 36926 123 10348 38753 18233 2821 31238 33565 26308 37146 21749 19637 8557 38847 7464 3253 10125 13249 15667 30689 396 
1 1 1 4 6 3 3 1 4 0 
15774 0 1 1 4
15140 1 2 1 9
26729 2 3 1 6
36926 3 4 1 5
123 4 5 1 7
10348 5 6 1 3
38753 6 7 1 4
18233 7 8 1 9
2821 8 9 1 5
31238 9 10 1 9
33565 10 11 1 5
26308 11 12 1 5
37146 12 13 1 6
21749 13 14 1 6
19637 14 15 1 4
8557 15 16 1 7
38847 16 17 1 2
7464 17 18 1 7
3253 18 19 1 1
10125 19 20 1 5
13249 20 21 1 4
15667 21 22 1 8
30689 22 23 1 5
396 23 24 1 9
24
