24
40068 26789 11339 47536 9156 29363 46480 31 27409 40231 22790 24579 31335 9511 5662 25020 34673 21884 45678 24522 44304 12532 23795 20835 
0 1 1 0 3 1 1 2 2 0 0 0 1 1 0 1 1 3 3 0 1 0 1 1 0 
40068 0 1 1 3
26789 1 2 1 19
11339 2 3 1 9
47536 3 4 1 13
9156 4 5 1 5
29363 5 6 1 16
46480 6 7 1 8
31 7 8 1 18
27409 8 9 1 17
40231 9 10 1 18
22790 10 11 1 19
24579 11 12 1 6
31335 12 13 1 7
9511 13 14 1 14
5662 14 15 1 21
25020 15 16 1 23
34673 16 17 1 18
21884 17 18 1 2
45678 18 19 1 19
24522 19 20 1 8
44304 20 21 1 5
12532 21 22 1 9
23795 22 23 1 24
20835 23 24 1 5
24
