24
22267 7514 7655 6020 12073 3445 7632 6230 11984 11022 3325 2256 15457 13576 8529 4648 13156 18556 21888 3535 21267 17723 12742 967 
3 3 3 1 5 2 1 2 3 1 
22267 0 1 1 9
7514 1 2 1 8
7655 2 3 1 1
6020 3 4 1 3
12073 4 5 1 5
3445 5 6 1 4
7632 6 7 1 2
6230 7 8 1 3
11984 8 9 1 5
11022 9 10 1 5
3325 10 11 1 9
2256 11 12 1 2
15457 12 13 1 7
13576 13 14 1 2
8529 14 15 1 3
4648 15 16 1 1
13156 16 17 1 5
18556 17 18 1 1
21888 18 19 1 6
3535 19 20 1 6
21267 20 21 1 8
17723 21 22 1 5
12742 22 23 1 9
967 23 24 1 10
24
