24
6830 5159 14132 33202 9840 28661 32761 32277 4211 43662 25051 38360 17647 45326 7472 21956 40704 27841 6093 28867 4477 18363 22552 48672 
0 0 4 2 1 0 1 1 0 1 1 0 1 1 2 1 1 3 1 0 0 3 0 
6830 0 1 1 15
5159 1 2 1 13
14132 2 3 1 4
33202 3 4 1 4
9840 4 5 1 7
28661 5 6 1 18
32761 6 7 1 18
32277 7 8 1 17
4211 8 9 1 3
43662 9 10 1 14
25051 10 11 1 3
38360 11 12 1 22
17647 12 13 1 22
45326 13 14 1 8
7472 14 15 1 5
21956 15 16 1 3
40704 16 17 1 22
27841 17 18 1 18
6093 18 19 1 3
28867 19 20 1 11
4477 20 21 1 19
18363 21 22 1 10
22552 22 23 1 15
48672 23 24 1 16
24
