24
45086 3904 55631 3251 29558 5976 46577 2837 14702 55682 12884 5306 32505 47406 49340 44221 20774 28803 32134 53356 38175 38544 10136 23301 
4 0 2 4 2 2 4 2 2 2 
45086 0 1 1 9
3904 1 2 1 1
55631 2 3 1 7
3251 3 4 1 3
29558 4 5 1 8
5976 5 6 1 5
46577 6 7 1 1
2837 7 8 1 6
14702 8 9 1 7
55682 9 10 1 10
12884 10 11 1 7
5306 11 12 1 9
32505 12 13 1 8
47406 13 14 1 5
49340 14 15 1 4
44221 15 16 1 1
20774 16 17 1 7
28803 17 18 1 4
32134 18 19 1 1
53356 19 20 1 4
38175 20 21 1 10
38544 21 22 1 6
10136 22 23 1 4
23301 23 24 1 3
24
