24
40874 24241 7451 2 29227 30012 27502 13090 15206 27184 34872 26918 38756 14560 34676 42003 22672 43556 15650 42280 1961 418 3155 45196 
2 3 6 3 0 1 1 2 3 2 1 
40874 0 1 1 3
24241 1 2 1 9
7451 2 3 1 7
2 3 4 1 9
29227 4 5 1 3
30012 5 6 1 3
27502 6 7 1 10
13090 7 8 1 11
15206 8 9 1 4
27184 9 10 1 1
34872 10 11 1 2
26918 11 12 1 8
38756 12 13 1 9
14560 13 14 1 8
34676 14 15 1 6
42003 15 16 1 4
22672 16 17 1 1
43556 17 18 1 3
15650 18 19 1 3
42280 19 20 1 2
1961 20 21 1 10
418 21 22 1 4
3155 22 23 1 2
45196 23 24 1 3
24
