24
15745 35338 24732 3095 43196 10487 42194 29352 6987 842 32680 21732 40080 12899 23758 42042 10586 5688 27073 14868 37361 18806 34629 26942 
3 2 1 1 3 3 4 3 3 1 
15745 0 1 1 7
35338 1 2 1 7
24732 2 3 1 9
3095 3 4 1 8
43196 4 5 1 8
10487 5 6 1 7
42194 6 7 1 5
29352 7 8 1 7
6987 8 9 1 9
842 9 10 1 8
32680 10 11 1 3
21732 11 12 1 2
40080 12 13 1 1
12899 13 14 1 6
23758 14 15 1 1
42042 15 16 1 9
10586 16 17 1 5
5688 17 18 1 5
27073 18 19 1 4
14868 19 20 1 6
37361 20 21 1 2
18806 21 22 1 1
34629 22 23 1 6
26942 23 24 1 10
24
