24
24662 2952 28766 27071 30284 31180 24715 27245 3854 38253 32112 13474 34221 29332 17479 7706 2428 44194 7432 1308 24790 26384 43881 17579 
1 2 1 2 3 7 2 3 2 1 
24662 0 1 1 6
2952 1 2 1 7
28766 2 3 1 10
27071 3 4 1 3
30284 4 5 1 2
31180 5 6 1 9
24715 6 7 1 7
27245 7 8 1 5
3854 8 9 1 2
38253 9 10 1 9
32112 10 11 1 6
13474 11 12 1 1
34221 12 13 1 8
29332 13 14 1 5
17479 14 15 1 6
7706 15 16 1 4
2428 16 17 1 8
44194 17 18 1 6
7432 18 19 1 5
1308 19 20 1 8
24790 20 21 1 6
26384 21 22 1 4
43881 22 23 1 6
17579 23 24 1 6
24
