24
50304 6084 10692 15587 39621 49885 21689 21084 23049 22455 35649 36322 52018 3685 25579 56556 42815 19545 6841 3 28820 20642 48005 25369 
4 3 5 0 4 4 3 0 1 0 
50304 0 1 1 2
6084 1 2 1 1
10692 2 3 1 5
15587 3 4 1 6
39621 4 5 1 9
49885 5 6 1 6
21689 6 7 1 5
21084 7 8 1 2
23049 8 9 1 7
22455 9 10 1 5
35649 10 11 1 6
36322 11 12 1 1
52018 12 13 1 3
3685 13 14 1 7
25579 14 15 1 1
56556 15 16 1 5
42815 16 17 1 7
19545 17 18 1 1
6841 18 19 1 3
3 19 20 1 3
28820 20 21 1 3
20642 21 22 1 2
48005 22 23 1 6
25369 23 24 1 3
24
