24
8740 27575 10195 21656 31881 30074 29023 35545 31534 33027 11976 21893 24096 32307 22 27813 14098 19081 16183 21394 856 10108 37745 25689 
2 2 1 4 2 3 2 1 3 4 
8740 0 1 1 2
27575 1 2 1 8
10195 2 3 1 5
21656 3 4 1 6
31881 4 5 1 10
30074 5 6 1 4
29023 6 7 1 10
35545 7 8 1 2
31534 8 9 1 10
33027 9 10 1 7
11976 10 11 1 7
21893 11 12 1 9
24096 12 13 1 9
32307 13 14 1 10
22 14 15 1 1
27813 15 16 1 6
14098 16 17 1 6
19081 17 18 1 4
16183 18 19 1 4
21394 19 20 1 3
856 20 21 1 5
10108 21 22 1 9
37745 22 23 1 4
25689 23 24 1 1
24
