24
19002 39684 25487 51128 26856 29995 44611 50032 50191 34953 41317 15149 5410 1112 24366 30065 2848 32846 41669 44372 35133 50716 8684 42520 
1 0 2 1 4 7 3 3 2 1 
19002 0 1 1 1
39684 1 2 1 8
25487 2 3 1 10
51128 3 4 1 3
26856 4 5 1 6
29995 5 6 1 8
44611 6 7 1 4
50032 7 8 1 8
50191 8 9 1 5
34953 9 10 1 7
41317 10 11 1 5
15149 11 12 1 6
5410 12 13 1 9
1112 13 14 1 9
24366 14 15 1 6
30065 15 16 1 7
2848 16 17 1 6
32846 17 18 1 3
41669 18 19 1 6
44372 19 20 1 7
35133 20 21 1 6
50716 21 22 1 6
8684 22 23 1 5
42520 23 24 1 5
24
