24
931 22032 4426 13808 28761 18690 18305 6919 271 14534 6847 18890 25753 28971 10347 990 2542 10960 16926 7436 2262 11580 17049 17347 
2 1 5 1 3 2 3 4 3 0 
931 0 1 1 4
22032 1 2 1 8
4426 2 3 1 9
13808 3 4 1 9
28761 4 5 1 2
18690 5 6 1 3
18305 6 7 1 8
6919 7 8 1 5
271 8 9 1 3
14534 9 10 1 3
6847 10 11 1 7
18890 11 12 1 9
25753 12 13 1 1
28971 13 14 1 3
10347 14 15 1 6
990 15 16 1 8
2542 16 17 1 1
10960 17 18 1 5
16926 18 19 1 5
7436 19 20 1 7
2262 20 21 1 3
11580 21 22 1 6
17049 22 23 1 8
17347 23 24 1 7
24
