24
27483 32800 36228 15818 27013 16962 7300 21589 45852 20926 34010 47000 18743 1545 31046 45401 6560 14004 40658 18150 22826 30265 11424 263 
1 2 3 0 2 6 3 3 4 
27483 0 1 1 6
32800 1 2 1 1
36228 2 3 1 8
15818 3 4 1 6
27013 4 5 1 2
16962 5 6 1 8
7300 6 7 1 5
21589 7 8 1 6
45852 8 9 1 3
20926 9 10 1 3
34010 10 11 1 2
47000 11 12 1 9
18743 12 13 1 5
1545 13 14 1 7
31046 14 15 1 7
45401 15 16 1 6
6560 16 17 1 9
14004 17 18 1 6
40658 18 19 1 9
18150 19 20 1 6
22826 20 21 1 7
30265 21 22 1 9
11424 22 23 1 8
263 23 24 1 3
24
