24
10598 22152 20136 10546 681 14464 373 15605 22066 11536 14996 5204 1873 3558 14554 15703 2587 4978 23016 23741 10432 1860 22194 11408 
0 4 2 2 1 4 5 2 1 3 
10598 0 1 1 10
22152 1 2 1 2
20136 2 3 1 7
10546 3 4 1 7
681 4 5 1 6
14464 5 6 1 10
373 6 7 1 9
15605 7 8 1 4
22066 8 9 1 8
11536 9 10 1 6
14996 10 11 1 10
5204 11 12 1 7
1873 12 13 1 4
3558 13 14 1 2
14554 14 15 1 3
15703 15 16 1 7
2587 16 17 1 7
4978 17 18 1 6
23016 18 19 1 5
23741 19 20 1 3
10432 20 21 1 2
1860 21 22 1 2
22194 22 23 1 6
11408 23 24 1 8
24
