24
1818 14681 42237 38511 29897 34424 31319 34011 33622 8717 4296 49884 26588 5743 17431 33392 4476 14598 29296 15224 48989 34644 32159 25771 
2 0 1 0 1 0 3 0 3 2 4 1 1 1 2 2 1 0 0 
1818 0 1 1 7
14681 1 2 1 15
42237 2 3 1 7
38511 3 4 1 16
29897 4 5 1 1
34424 5 6 1 3
31319 6 7 1 12
34011 7 8 1 9
33622 8 9 1 11
8717 9 10 1 1
4296 10 11 1 17
49884 11 12 1 7
26588 12 13 1 16
5743 13 14 1 11
17431 14 15 1 15
33392 15 16 1 11
4476 16 17 1 14
14598 17 18 1 10
29296 18 19 1 9
15224 19 20 1 13
48989 20 21 1 11
34644 21 22 1 10
32159 22 23 1 5
25771 23 24 1 9
24
