24
41572 18675 13202 9633 28383 37869 29008 4149 4845 6499 21247 10816 25146 28922 45542 4687 31955 11600 40335 18121 4014 17135 44382 41230 
1 1 7 1 3 2 3 4 1 1 
41572 0 1 1 10
18675 1 2 1 7
13202 2 3 1 5
9633 3 4 1 3
28383 4 5 1 3
37869 5 6 1 1
29008 6 7 1 3
4149 7 8 1 8
4845 8 9 1 3
6499 9 10 1 8
21247 10 11 1 7
10816 11 12 1 2
25146 12 13 1 6
28922 13 14 1 3
45542 14 15 1 4
4687 15 16 1 8
31955 16 17 1 5
11600 17 18 1 7
40335 18 19 1 5
18121 19 20 1 3
4014 20 21 1 9
17135 21 22 1 6
44382 22 23 1 3
41230 23 24 1 8
24
