24
24641 14609 33800 31672 28816 12644 40083 47405 41349 15689 9224 11111 9860 4860 797 47303 14201 43194 48655 26730 23460 23229 12683 39631 
0 0 0 1 1 0 0 2 2 1 1 3 0 2 2 0 1 0 1 1 0 0 0 1 2 1 1 1 
24641 0 1 1 4
14609 1 2 1 9
33800 2 3 1 5
31672 3 4 1 12
28816 4 5 1 10
12644 5 6 1 20
40083 6 7 1 19
47405 7 8 1 28
41349 8 9 1 9
15689 9 10 1 15
9224 10 11 1 27
11111 11 12 1 14
9860 12 13 1 15
4860 13 14 1 25
797 14 15 1 12
47303 15 16 1 24
14201 16 17 1 25
43194 17 18 1 26
48655 18 19 1 17
26730 19 20 1 8
23460 20 21 1 14
23229 21 22 1 8
12683 22 23 1 11
39631 23 24 1 12
24
