24
10063 18799 23126 5342 14146 25629 3220 20987 6508 23092 25450 2690 22664 16912 10611 7520 21863 24181 23887 13004 10939 1565 19642 2958 
3 3 1 0 3 2 1 2 6 3 
10063 0 1 1 3
18799 1 2 1 8
23126 2 3 1 1
5342 3 4 1 9
14146 4 5 1 8
25629 5 6 1 1
3220 6 7 1 7
20987 7 8 1 10
6508 8 9 1 6
23092 9 10 1 10
25450 10 11 1 6
2690 11 12 1 2
22664 12 13 1 1
16912 13 14 1 9
10611 14 15 1 5
7520 15 16 1 5
21863 16 17 1 9
24181 17 18 1 2
23887 18 19 1 2
13004 19 20 1 10
10939 20 21 1 5
1565 21 22 1 9
19642 22 23 1 9
2958 23 24 1 9
24
