24
29680 18067 15591 8039 11349 28813 26007 13150 19929 16864 23245 3374 24174 34818 15691 20685 28363 2071 2847 11670 20608 31492 9514 11931 
1 3 1 1 5 5 3 1 2 2 
29680 0 1 1 7
18067 1 2 1 4
15591 2 3 1 2
8039 3 4 1 5
11349 4 5 1 10
28813 5 6 1 5
26007 6 7 1 5
13150 7 8 1 9
19929 8 9 1 1
16864 9 10 1 9
23245 10 11 1 2
3374 11 12 1 10
24174 12 13 1 6
34818 13 14 1 8
15691 14 15 1 7
20685 15 16 1 5
28363 16 17 1 6
2071 17 18 1 2
2847 18 19 1 5
11670 19 20 1 3
20608 20 21 1 6
31492 21 22 1 6
9514 22 23 1 7
11931 23 24 1 6
24
