24
21595 19291 38344 35412 31865 33357 17725 19711 26003 19970 47495 45367 29371 5638 2766 39068 9298 14896 22873 8639 9708 4545 13363 23710 
1 1 0 0 1 2 1 0 1 1 0 1 1 2 0 1 3 2 1 1 1 1 0 1 0 0 1 0 
21595 0 1 1 18
19291 1 2 1 24
38344 2 3 1 17
35412 3 4 1 14
31865 4 5 1 19
33357 5 6 1 17
17725 6 7 1 5
19711 7 8 1 7
26003 8 9 1 1
19970 9 10 1 9
47495 10 11 1 12
45367 11 12 1 14
29371 12 13 1 16
5638 13 14 1 10
2766 14 15 1 17
39068 15 16 1 6
9298 16 17 1 21
14896 17 18 1 6
22873 18 19 1 22
8639 19 20 1 27
9708 20 21 1 2
4545 21 22 1 18
13363 22 23 1 13
23710 23 24 1 20
24
