24
42785 3558 26180 36900 1678 21095 7611 24803 17564 23143 20838 29570 43684 34194 39212 32312 19996 35521 40664 13669 29124 1245 23518 19701 
1 0 0 3 2 5 3 2 5 3 
42785 0 1 1 9
3558 1 2 1 6
26180 2 3 1 8
36900 3 4 1 7
1678 4 5 1 10
21095 5 6 1 4
7611 6 7 1 5
24803 7 8 1 8
17564 8 9 1 5
23143 9 10 1 7
20838 10 11 1 6
29570 11 12 1 7
43684 12 13 1 4
34194 13 14 1 6
39212 14 15 1 9
32312 15 16 1 4
19996 16 17 1 10
35521 17 18 1 6
40664 18 19 1 10
13669 19 20 1 9
29124 20 21 1 9
1245 21 22 1 9
23518 22 23 1 6
19701 23 24 1 1
24
