24
32935 37016 30718 1276 17373 31991 29788 41712 17198 46594 8436 39829 26930 47109 45114 17033 18945 40289 22039 45708 14349 76 9764 42135 
2 3 2 4 3 2 1 2 1 1 2 1 
32935 0 1 1 6
37016 1 2 1 2
30718 2 3 1 4
1276 3 4 1 1
17373 4 5 1 3
31991 5 6 1 3
29788 6 7 1 9
41712 7 8 1 5
17198 8 9 1 4
46594 9 10 1 8
8436 10 11 1 4
39829 11 12 1 1
26930 12 13 1 2
47109 13 14 1 5
45114 14 15 1 4
17033 15 16 1 8
18945 16 17 1 10
40289 17 18 1 6
22039 18 19 1 2
45708 19 20 1 12
14349 20 21 1 11
76 21 22 1 11
9764 22 23 1 5
42135 23 24 1 7
24
