24
17467 22517 11410 9039 6807 18748 14396 1368 6165 2510 6000 12239 8624 4670 18903 424 23461 3021 24336 25520 22727 19030 24688 1961 
2 2 2 4 1 3 2 2 3 3 
17467 0 1 1 10
22517 1 2 1 5
11410 2 3 1 6
9039 3 4 1 6
6807 4 5 1 9
18748 5 6 1 4
14396 6 7 1 3
1368 7 8 1 9
6165 8 9 1 7
2510 9 10 1 1
6000 10 11 1 10
12239 11 12 1 4
8624 12 13 1 6
4670 13 14 1 10
18903 14 15 1 4
424 15 16 1 4
23461 16 17 1 7
3021 17 18 1 2
24336 18 19 1 9
25520 19 20 1 8
22727 20 21 1 8
19030 21 22 1 2
24688 22 23 1 3
1961 23 24 1 1
24
