24
47796 44859 23928 38029 32845 46948 16188 1515 26393 31208 40369 24835 33624 13243 44717 5077 21645 19773 28562 4654 22201 15901 29031 12977 
1 0 2 2 3 3 3 0 2 1 2 1 2 1 1 
47796 0 1 1 11
44859 1 2 1 7
23928 2 3 1 6
38029 3 4 1 13
32845 4 5 1 3
46948 5 6 1 14
16188 6 7 1 7
1515 7 8 1 5
26393 8 9 1 6
31208 9 10 1 4
40369 10 11 1 9
24835 11 12 1 4
33624 12 13 1 3
13243 13 14 1 7
44717 14 15 1 10
5077 15 16 1 12
21645 16 17 1 5
19773 17 18 1 6
28562 18 19 1 9
4654 19 20 1 5
22201 20 21 1 13
15901 21 22 1 11
29031 22 23 1 15
12977 23 24 1 1
24
