24
6003 10343 2011 7169 7811 2911 5795 12060 13159 841 1905 3095 14108 4947 5701 11079 4538 12567 15969 13624 6546 16709 3724 5848 
3 3 3 2 3 1 3 2 1 3 
6003 0 1 1 1
10343 1 2 1 3
2011 2 3 1 6
7169 3 4 1 4
7811 4 5 1 5
2911 5 6 1 7
5795 6 7 1 4
12060 7 8 1 10
13159 8 9 1 2
841 9 10 1 5
1905 10 11 1 10
3095 11 12 1 2
14108 12 13 1 8
4947 13 14 1 3
5701 14 15 1 7
11079 15 16 1 10
4538 16 17 1 1
12567 17 18 1 3
15969 18 19 1 2
13624 19 20 1 7
6546 20 21 1 1
16709 21 22 1 5
3724 22 23 1 8
5848 23 24 1 9
24
