24
43900 25210 17437 51879 33656 15966 37719 38541 22206 39614 4381 12136 51515 7472 47137 7567 38975 4684 53966 53911 24940 23109 30844 40588 
4 3 3 3 4 0 1 2 2 2 
43900 0 1 1 3
25210 1 2 1 10
17437 2 3 1 7
51879 3 4 1 2
33656 4 5 1 3
15966 5 6 1 9
37719 6 7 1 3
38541 7 8 1 5
22206 8 9 1 5
39614 9 10 1 1
4381 10 11 1 2
12136 11 12 1 5
51515 12 13 1 4
7472 13 14 1 5
47137 14 15 1 1
7567 15 16 1 1
38975 16 17 1 4
4684 17 18 1 10
53966 18 19 1 1
53911 19 20 1 8
24940 20 21 1 4
23109 21 22 1 2
30844 22 23 1 8
40588 23 24 1 9
24
