24
15710 10526 30663 9590 25187 33256 20890 27286 16432 1083 23144 4483 28850 25066 6512 17241 33458 30717 18627 19739 24140 1557 29064 17881 
4 5 1 1 1 5 1 2 2 2 
15710 0 1 1 6
10526 1 2 1 2
30663 2 3 1 9
9590 3 4 1 6
25187 4 5 1 6
33256 5 6 1 5
20890 6 7 1 9
27286 7 8 1 6
16432 8 9 1 4
1083 9 10 1 2
23144 10 11 1 1
4483 11 12 1 8
28850 12 13 1 2
25066 13 14 1 1
6512 14 15 1 10
17241 15 16 1 6
33458 16 17 1 1
30717 17 18 1 3
18627 18 19 1 8
19739 19 20 1 10
24140 20 21 1 7
1557 21 22 1 2
29064 22 23 1 2
17881 23 24 1 1
24
