24
36225 40182 46858 52297 29010 20608 49061 18207 23211 34368 31055 5687 45343 5643 5181 37761 45497 52294 9054 19107 47878 45122 12536 28378 
2 3 2 1 5 3 3 2 2 1 
36225 0 1 1 1
40182 1 2 1 2
46858 2 3 1 5
52297 3 4 1 2
29010 4 5 1 5
20608 5 6 1 8
49061 6 7 1 3
18207 7 8 1 9
23211 8 9 1 6
34368 9 10 1 4
31055 10 11 1 2
5687 11 12 1 7
45343 12 13 1 9
5643 13 14 1 1
5181 14 15 1 6
37761 15 16 1 8
45497 16 17 1 10
52294 17 18 1 5
9054 18 19 1 7
19107 19 20 1 6
47878 20 21 1 3
45122 21 22 1 5
12536 22 23 1 5
28378 23 24 1 7
24
