24
3212 8512 6253 4334 5985 7370 4662 7913 11025 13356 12516 2239 29 4469 14077 12763 15821 5832 15494 9169 4466 347 2514 11976 
1 0 1 2 3 4 5 1 3 4 
3212 0 1 1 6
8512 1 2 1 6
6253 2 3 1 4
4334 3 4 1 5
5985 4 5 1 8
7370 5 6 1 1
4662 6 7 1 7
7913 7 8 1 5
11025 8 9 1 7
13356 9 10 1 5
12516 10 11 1 10
2239 11 12 1 4
29 12 13 1 9
4469 13 14 1 7
14077 14 15 1 6
12763 15 16 1 7
15821 16 17 1 7
5832 17 18 1 10
15494 18 19 1 9
9169 19 20 1 10
4466 20 21 1 6
347 21 22 1 10
2514 22 23 1 3
11976 23 24 1 9
24
