24
26735 4867 20698 29950 32471 28602 15079 40165 35180 17671 19876 4998 27835 3053 16212 3790 21437 3974 11949 42199 19037 42146 4087 38895 
0 1 2 4 2 2 7 1 2 3 
26735 0 1 1 10
4867 1 2 1 5
20698 2 3 1 10
29950 3 4 1 7
32471 4 5 1 7
28602 5 6 1 7
15079 6 7 1 6
40165 7 8 1 3
35180 8 9 1 10
17671 9 10 1 4
19876 10 11 1 7
4998 11 12 1 3
27835 12 13 1 9
3053 13 14 1 7
16212 14 15 1 6
3790 15 16 1 9
21437 16 17 1 4
3974 17 18 1 4
11949 18 19 1 5
42199 19 20 1 2
19037 20 21 1 7
42146 21 22 1 8
4087 22 23 1 7
38895 23 24 1 4
24
