24
3782 6418 9288 37011 27646 23924 25429 5445 46643 35725 42676 47642 53461 47701 3817 4774 22205 52994 44551 29802 53968 42074 17779 37718 
1 3 5 1 2 4 1 1 2 4 
3782 0 1 1 2
6418 1 2 1 3
9288 2 3 1 6
37011 3 4 1 5
27646 4 5 1 4
23924 5 6 1 9
25429 6 7 1 7
5445 7 8 1 3
46643 8 9 1 9
35725 9 10 1 10
42676 10 11 1 2
47642 11 12 1 3
53461 12 13 1 10
47701 13 14 1 5
3817 14 15 1 10
4774 15 16 1 10
22205 16 17 1 6
52994 17 18 1 6
44551 18 19 1 1
29802 19 20 1 2
53968 20 21 1 3
42074 21 22 1 3
17779 22 23 1 8
37718 23 24 1 6
24
