24
5939 22854 1847 17881 14901 28580 10393 16253 23085 18370 15442 28271 1001 4565 4417 7272 19728 2567 24105 17348 33141 17955 7153 16070 
1 3 1 2 3 3 0 3 3 5 
5939 0 1 1 8
22854 1 2 1 6
1847 2 3 1 10
17881 3 4 1 4
14901 4 5 1 2
28580 5 6 1 6
10393 6 7 1 5
16253 7 8 1 6
23085 8 9 1 1
18370 9 10 1 4
15442 10 11 1 8
28271 11 12 1 10
1001 12 13 1 9
4565 13 14 1 8
4417 14 15 1 10
7272 15 16 1 2
19728 16 17 1 2
2567 17 18 1 10
24105 18 19 1 9
17348 19 20 1 9
33141 20 21 1 5
17955 21 22 1 10
7153 22 23 1 3
16070 23 24 1 5
24
