24
16459 34934 31737 14950 9554 36997 19251 4363 10528 4975 29133 6234 24695 19877 4614 42024 3123 33424 16998 3047 12004 3628 45704 37693 
6 1 0 3 1 3 4 1 4 1 
16459 0 1 1 2
34934 1 2 1 9
31737 2 3 1 7
14950 3 4 1 8
9554 4 5 1 1
36997 5 6 1 4
19251 6 7 1 9
4363 7 8 1 5
10528 8 9 1 4
4975 9 10 1 7
29133 10 11 1 10
6234 11 12 1 1
24695 12 13 1 9
19877 13 14 1 6
4614 14 15 1 4
42024 15 16 1 1
3123 16 17 1 1
33424 17 18 1 7
16998 18 19 1 7
3047 19 20 1 6
12004 20 21 1 6
3628 21 22 1 9
45704 22 23 1 1
37693 23 24 1 1
24
