24
15025 1556 21754 9861 2160 16065 9267 8308 23875 20357 12145 18986 19637 7184 24267 23800 20086 11191 12762 8201 3303 23737 6652 9105 
3 1 3 1 3 0 2 5 2 4 
15025 0 1 1 1
1556 1 2 1 7
21754 2 3 1 9
9861 3 4 1 5
2160 4 5 1 10
16065 5 6 1 10
9267 6 7 1 3
8308 7 8 1 4
23875 8 9 1 3
20357 9 10 1 10
12145 10 11 1 10
18986 11 12 1 3
19637 12 13 1 8
7184 13 14 1 8
24267 14 15 1 8
23800 15 16 1 5
20086 16 17 1 1
11191 17 18 1 9
12762 18 19 1 8
8201 19 20 1 1
3303 20 21 1 5
23737 21 22 1 2
6652 22 23 1 7
9105 23 24 1 8
24
