24
32112 13129 6091 32349 12332 31792 40566 16040 41245 35869 35330 27539 15321 31745 2487 34022 38566 38249 21636 11834 906 20216 15719 1447 
1 0 0 1 1 2 1 3 0 1 3 1 1 0 2 0 0 1 0 2 1 1 0 2 
32112 0 1 1 5
13129 1 2 1 13
6091 2 3 1 24
32349 3 4 1 21
12332 4 5 1 15
31792 5 6 1 1
40566 6 7 1 8
16040 7 8 1 20
41245 8 9 1 20
35869 9 10 1 12
35330 10 11 1 10
27539 11 12 1 11
15321 12 13 1 7
31745 13 14 1 4
2487 14 15 1 22
34022 15 16 1 8
38566 16 17 1 15
38249 17 18 1 6
21636 18 19 1 11
11834 19 20 1 18
906 20 21 1 6
20216 21 22 1 24
15719 22 23 1 11
1447 23 24 1 8
24
