24
1187 31486 15563 5828 23659 23636 29696 1536 30432 2215 26381 27713 27470 22233 27305 25940 14693 28760 16668 26178 20531 35742 1612 18113 
0 2 2 4 5 3 1 2 4 1 
1187 0 1 1 5
31486 1 2 1 9
15563 2 3 1 4
5828 3 4 1 9
23659 4 5 1 9
23636 5 6 1 2
29696 6 7 1 10
1536 7 8 1 2
30432 8 9 1 9
2215 9 10 1 5
26381 10 11 1 8
27713 11 12 1 6
27470 12 13 1 7
22233 13 14 1 6
27305 14 15 1 4
25940 15 16 1 8
14693 16 17 1 5
28760 17 18 1 5
16668 18 19 1 4
26178 19 20 1 3
20531 20 21 1 5
35742 21 22 1 3
1612 22 23 1 4
18113 23 24 1 6
24
