24
9188 9036 10777 30737 25383 27125 25170 7683 362 22097 4152 1608 7045 34820 11675 6359 24195 9947 7066 14060 5030 34399 2096 22493 
2 3 3 2 1 2 1 0 6 4 
9188 0 1 1 1
9036 1 2 1 3
10777 2 3 1 2
30737 3 4 1 3
25383 4 5 1 1
27125 5 6 1 6
25170 6 7 1 9
7683 7 8 1 4
362 8 9 1 6
22097 9 10 1 10
4152 10 11 1 9
1608 11 12 1 5
7045 12 13 1 2
34820 13 14 1 9
11675 14 15 1 9
6359 15 16 1 9
24195 16 17 1 4
9947 17 18 1 10
7066 18 19 1 2
14060 19 20 1 10
5030 20 21 1 7
34399 21 22 1 3
2096 22 23 1 9
22493 23 24 1 10
24
