24
37347 7272 18188 42128 34833 19640 7930 13842 28155 19044 37512 18288 23945 21528 7546 38738 2851 15773 34333 24354 34332 517 11411 7275 
2 2 3 2 3 2 2 3 3 2 
37347 0 1 1 1
7272 1 2 1 8
18188 2 3 1 2
42128 3 4 1 6
34833 4 5 1 2
19640 5 6 1 10
7930 6 7 1 1
13842 7 8 1 3
28155 8 9 1 9
19044 9 10 1 7
37512 10 11 1 5
18288 11 12 1 8
23945 12 13 1 8
21528 13 14 1 6
7546 14 15 1 9
38738 15 16 1 4
2851 16 17 1 3
15773 17 18 1 5
34333 18 19 1 5
24354 19 20 1 4
34332 20 21 1 3
517 21 22 1 9
11411 22 23 1 10
7275 23 24 1 7
24
