24
42042 39294 7142 31129 38373 33259 24038 41175 23958 4576 35728 30008 41126 8673 35008 1753 14852 43479 33336 8385 29991 35971 40772 19409 
4 3 2 0 1 2 2 2 4 4 
42042 0 1 1 10
39294 1 2 1 2
7142 2 3 1 8
31129 3 4 1 10
38373 4 5 1 1
33259 5 6 1 5
24038 6 7 1 9
41175 7 8 1 7
23958 8 9 1 1
4576 9 10 1 8
35728 10 11 1 10
30008 11 12 1 2
41126 12 13 1 9
8673 13 14 1 6
35008 14 15 1 7
1753 15 16 1 1
14852 16 17 1 3
43479 17 18 1 1
33336 18 19 1 2
8385 19 20 1 3
29991 20 21 1 6
35971 21 22 1 9
40772 22 23 1 10
19409 23 24 1 9
24
