24
12675 12563 12773 12416 9915 3521 1746 642 7951 2853 14807 12569 12850 3700 9330 4763 10725 3723 12450 12339 4042 10924 9702 7254 
5 1 2 1 2 2 2 2 5 2 
12675 0 1 1 6
12563 1 2 1 1
12773 2 3 1 7
12416 3 4 1 7
9915 4 5 1 1
3521 5 6 1 3
1746 6 7 1 2
642 7 8 1 5
7951 8 9 1 8
2853 9 10 1 9
14807 10 11 1 9
12569 11 12 1 1
12850 12 13 1 6
3700 13 14 1 1
9330 14 15 1 10
4763 15 16 1 9
10725 16 17 1 3
3723 17 18 1 4
12450 18 19 1 9
12339 19 20 1 5
4042 20 21 1 8
10924 21 22 1 9
9702 22 23 1 1
7254 23 24 1 10
24
