24
10013 37070 21560 23361 4091 27300 5505 18051 43772 32150 46134 43951 19036 7418 30273 28642 49486 25648 28286 36799 25647 22868 7956 42087 
3 3 1 2 1 2 1 1 2 3 2 1 2 
10013 0 1 1 2
37070 1 2 1 13
21560 2 3 1 4
23361 3 4 1 10
4091 4 5 1 2
27300 5 6 1 5
5505 6 7 1 9
18051 7 8 1 12
43772 8 9 1 8
32150 9 10 1 10
46134 10 11 1 11
43951 11 12 1 4
19036 12 13 1 2
7418 13 14 1 6
30273 14 15 1 13
28642 15 16 1 7
49486 16 17 1 10
25648 17 18 1 3
28286 18 19 1 1
36799 19 20 1 1
25647 20 21 1 1
22868 21 22 1 6
7956 22 23 1 11
42087 23 24 1 9
24
