24
18335 18002 15433 9760 19735 13941 6698 17421 8575 9114 1955 1278 5294 13437 3952 14486 5268 1149 7003 3050 1578 272 1 16030 
1 1 4 1 2 4 4 4 1 2 
18335 0 1 1 6
18002 1 2 1 2
15433 2 3 1 3
9760 3 4 1 8
19735 4 5 1 9
13941 5 6 1 8
6698 6 7 1 6
17421 7 8 1 3
8575 8 9 1 7
9114 9 10 1 7
1955 10 11 1 10
1278 11 12 1 5
5294 12 13 1 4
13437 13 14 1 8
3952 14 15 1 5
14486 15 16 1 8
5268 16 17 1 10
1149 17 18 1 6
7003 18 19 1 3
3050 19 20 1 1
1578 20 21 1 7
272 21 22 1 3
1 22 23 1 6
16030 23 24 1 7
24
