24
21156 40874 32726 39163 26777 45492 35067 11269 39294 20294 8716 737 27271 1639 43151 49828 29201 9276 49985 4848 2174 46631 10493 45986 
2 0 1 2 2 1 2 1 1 0 0 1 2 2 3 0 2 2 0 
21156 0 1 1 1
40874 1 2 1 18
32726 2 3 1 4
39163 3 4 1 17
26777 4 5 1 4
45492 5 6 1 6
35067 6 7 1 8
11269 7 8 1 18
39294 8 9 1 9
20294 9 10 1 5
8716 10 11 1 7
737 11 12 1 7
27271 12 13 1 15
1639 13 14 1 5
43151 14 15 1 1
49828 15 16 1 15
29201 16 17 1 13
9276 17 18 1 12
49985 18 19 1 13
4848 19 20 1 15
2174 20 21 1 14
46631 21 22 1 3
10493 22 23 1 17
45986 23 24 1 14
24
