24
14529 175 11023 2968 13772 8714 8815 16732 6101 14924 15296 5236 11063 5435 2534 10828 13357 5178 4209 1297 4167 16849 10838 11821 
2 6 4 3 3 1 2 2 0 1 
14529 0 1 1 6
175 1 2 1 3
11023 2 3 1 2
2968 3 4 1 2
13772 4 5 1 10
8714 5 6 1 2
8815 6 7 1 5
16732 7 8 1 1
6101 8 9 1 2
14924 9 10 1 5
15296 10 11 1 7
5236 11 12 1 3
11063 12 13 1 4
5435 13 14 1 3
2534 14 15 1 4
10828 15 16 1 5
13357 16 17 1 8
5178 17 18 1 4
4209 18 19 1 1
1297 19 20 1 8
4167 20 21 1 7
16849 21 22 1 2
10838 22 23 1 2
11821 23 24 1 3
24
