24
7747 10888 5097 7114 7722 16142 5506 12936 1049 15673 2730 17592 14724 7459 12162 5088 17907 14563 6084 11587 6224 9095 4635 670 
1 5 3 2 3 0 3 2 3 2 
7747 0 1 1 8
10888 1 2 1 4
5097 2 3 1 8
7114 3 4 1 9
7722 4 5 1 9
16142 5 6 1 10
5506 6 7 1 3
12936 7 8 1 3
1049 8 9 1 4
15673 9 10 1 3
2730 10 11 1 5
17592 11 12 1 2
14724 12 13 1 10
7459 13 14 1 2
12162 14 15 1 2
5088 15 16 1 2
17907 16 17 1 5
14563 17 18 1 7
6084 18 19 1 9
11587 19 20 1 2
6224 20 21 1 5
9095 21 22 1 7
4635 22 23 1 1
670 23 24 1 7
24
