24
12049 19069 23116 10640 13347 26166 33038 29270 19678 17263 18072 30147 22962 36338 5788 14831 16528 30420 16485 25415 23290 36961 22067 21422 
1 7 1 1 1 4 0 2 4 3 
12049 0 1 1 9
19069 1 2 1 6
23116 2 3 1 2
10640 3 4 1 1
13347 4 5 1 2
26166 5 6 1 6
33038 6 7 1 10
29270 7 8 1 6
19678 8 9 1 6
17263 9 10 1 9
18072 10 11 1 2
30147 11 12 1 3
22962 12 13 1 2
36338 13 14 1 2
5788 14 15 1 2
14831 15 16 1 9
16528 16 17 1 8
30420 17 18 1 8
16485 18 19 1 10
25415 19 20 1 9
23290 20 21 1 10
36961 21 22 1 5
22067 22 23 1 2
21422 23 24 1 4
24
