24
31450 42061 29306 26329 28232 13984 11134 15739 36072 20377 41199 26788 19825 34981 16988 50222 42403 3192 45127 46652 45994 48171 32655 401 
1 5 4 1 2 2 1 3 4 1 
31450 0 1 1 2
42061 1 2 1 3
29306 2 3 1 4
26329 3 4 1 6
28232 4 5 1 3
13984 5 6 1 7
11134 6 7 1 5
15739 7 8 1 9
36072 8 9 1 2
20377 9 10 1 6
41199 10 11 1 9
26788 11 12 1 8
19825 12 13 1 2
34981 13 14 1 2
16988 14 15 1 9
50222 15 16 1 3
42403 16 17 1 2
3192 17 18 1 9
45127 18 19 1 1
46652 19 20 1 5
45994 20 21 1 8
48171 21 22 1 8
32655 22 23 1 3
401 23 24 1 10
24
