24
29847 40595 7771 10431 29692 20428 4224 5232 41091 29410 25455 49681 34967 11116 4028 13337 35698 42472 39085 37694 5913 49870 3221 36192 
1 1 2 2 2 1 0 0 2 0 1 3 1 0 0 1 0 1 2 0 3 1 
29847 0 1 1 12
40595 1 2 1 3
7771 2 3 1 9
10431 3 4 1 3
29692 4 5 1 9
20428 5 6 1 19
4224 6 7 1 12
5232 7 8 1 19
41091 8 9 1 4
29410 9 10 1 4
25455 10 11 1 11
49681 11 12 1 12
34967 12 13 1 1
11116 13 14 1 16
4028 14 15 1 21
13337 15 16 1 5
35698 16 17 1 6
42472 17 18 1 13
39085 18 19 1 5
37694 19 20 1 21
5913 20 21 1 22
49870 21 22 1 2
3221 22 23 1 18
36192 23 24 1 21
24
