24
35443 34026 40618 19720 44762 17907 32070 11576 33175 20983 40309 16567 33889 9689 8227 33456 35935 13013 12253 266 11956 29021 34897 26954 
3 2 3 5 4 5 2 
35443 0 1 1 4
34026 1 2 1 4
40618 2 3 1 3
19720 3 4 1 2
44762 4 5 1 4
17907 5 6 1 6
32070 6 7 1 3
11576 7 8 1 3
33175 8 9 1 2
20983 9 10 1 7
40309 10 11 1 6
16567 11 12 1 1
33889 12 13 1 6
9689 13 14 1 1
8227 14 15 1 7
33456 15 16 1 6
35935 16 17 1 5
13013 17 18 1 5
12253 18 19 1 6
266 19 20 1 4
11956 20 21 1 5
29021 21 22 1 5
34897 22 23 1 1
26954 23 24 1 4
24
