24
25360 22052 12597 23581 13925 8101 13809 11279 5821 12899 14049 9271 16408 14640 4051 21828 23983 21208 12567 19536 7784 3893 11887 11213 
3 5 2 4 2 1 1 2 2 2 
25360 0 1 1 3
22052 1 2 1 2
12597 2 3 1 4
23581 3 4 1 2
13925 4 5 1 9
8101 5 6 1 10
13809 6 7 1 4
11279 7 8 1 2
5821 8 9 1 5
12899 9 10 1 9
14049 10 11 1 6
9271 11 12 1 10
16408 12 13 1 4
14640 13 14 1 1
4051 14 15 1 1
21828 15 16 1 7
23983 16 17 1 2
21208 17 18 1 5
12567 18 19 1 2
19536 19 20 1 1
7784 20 21 1 3
3893 21 22 1 4
11887 22 23 1 8
11213 23 24 1 8
24
