24
43341 13637 53028 38045 29140 42455 48918 6739 51102 16894 25644 27604 14566 54746 40543 2036 2544 18696 26322 10080 20391 5554 5937 10977 
4 0 4 3 2 3 2 1 2 3 
43341 0 1 1 5
13637 1 2 1 4
53028 2 3 1 1
38045 3 4 1 9
29140 4 5 1 10
42455 5 6 1 6
48918 6 7 1 1
6739 7 8 1 7
51102 8 9 1 3
16894 9 10 1 3
25644 10 11 1 3
27604 11 12 1 1
14566 12 13 1 1
54746 13 14 1 6
40543 14 15 1 10
2036 15 16 1 6
2544 16 17 1 7
18696 17 18 1 8
26322 18 19 1 10
10080 19 20 1 4
20391 20 21 1 4
5554 21 22 1 5
5937 22 23 1 3
10977 23 24 1 9
24
