24
406 5084 9891 10146 2714 2588 7167 4580 1777 9894 5727 10100 9529 6711 7842 10464 7548 1499 10945 10992 8800 2732 2161 9985 
3 1 1 3 3 4 2 2 2 3 
406 0 1 1 1
5084 1 2 1 8
9891 2 3 1 7
10146 3 4 1 10
2714 4 5 1 2
2588 5 6 1 5
7167 6 7 1 6
4580 7 8 1 8
1777 8 9 1 5
9894 9 10 1 6
5727 10 11 1 3
10100 11 12 1 4
9529 12 13 1 6
6711 13 14 1 4
7842 14 15 1 10
10464 15 16 1 7
7548 16 17 1 6
1499 17 18 1 1
10945 18 19 1 10
10992 19 20 1 9
8800 20 21 1 4
2732 21 22 1 1
2161 22 23 1 5
9985 23 24 1 9
24
