24
3481 30485 32197 26766 40400 47905 46934 33534 14585 22501 23957 8071 27350 38712 14136 31649 45332 49026 27867 14628 29487 11868 17390 9499 
3 2 1 2 1 2 1 1 1 2 1 0 2 1 1 0 0 0 0 2 0 0 1 
3481 0 1 1 2
30485 1 2 1 3
32197 2 3 1 8
26766 3 4 1 6
40400 4 5 1 10
47905 5 6 1 20
46934 6 7 1 15
33534 7 8 1 23
14585 8 9 1 13
22501 9 10 1 1
23957 10 11 1 20
8071 11 12 1 5
27350 12 13 1 11
38712 13 14 1 2
14136 14 15 1 1
31649 15 16 1 10
45332 16 17 1 13
49026 17 18 1 4
27867 18 19 1 1
14628 19 20 1 9
29487 20 21 1 14
11868 21 22 1 4
17390 22 23 1 6
9499 23 24 1 7
24
