24
2611 29475 13664 19121 15196 29026 33449 26706 19668 49977 16010 36680 20068 11386 33434 19630 12400 12511 52048 45904 49217 53637 32846 46027 
2 2 2 3 2 4 5 1 2 1 
2611 0 1 1 5
29475 1 2 1 3
13664 2 3 1 3
19121 3 4 1 4
15196 4 5 1 5
29026 5 6 1 10
33449 6 7 1 6
26706 7 8 1 6
19668 8 9 1 7
49977 9 10 1 7
16010 10 11 1 2
36680 11 12 1 6
20068 12 13 1 4
11386 13 14 1 7
33434 14 15 1 6
19630 15 16 1 2
12400 16 17 1 9
12511 17 18 1 1
52048 18 19 1 1
45904 19 20 1 8
49217 20 21 1 7
53637 21 22 1 4
32846 22 23 1 9
46027 23 24 1 7
24
