24
10610 20434 18802 48468 29080 16595 1336 29 35444 44232 4232 11437 31256 33721 17456 11748 44561 19669 34300 4460 31484 45569 7166 38745 
0 1 1 0 0 1 1 1 0 3 2 1 0 2 0 0 1 3 0 1 1 1 0 2 1 1 
10610 0 1 1 6
20434 1 2 1 11
18802 2 3 1 18
48468 3 4 1 14
29080 4 5 1 10
16595 5 6 1 17
1336 6 7 1 2
29 7 8 1 3
35444 8 9 1 24
44232 9 10 1 18
4232 10 11 1 24
11437 11 12 1 11
31256 12 13 1 25
33721 13 14 1 20
17456 14 15 1 7
11748 15 16 1 21
44561 16 17 1 18
19669 17 18 1 12
34300 18 19 1 10
4460 19 20 1 22
31484 20 21 1 14
45569 21 22 1 26
7166 22 23 1 10
38745 23 24 1 8
24
