24
19085 12836 24845 6838 12522 17538 16644 16574 14042 10686 4538 3306 21444 20926 9629 7971 11534 18266 23672 25484 17205 29449 2359 24598 
2 4 2 1 5 2 2 1 1 4 
19085 0 1 1 2
12836 1 2 1 5
24845 2 3 1 7
6838 3 4 1 8
12522 4 5 1 2
17538 5 6 1 2
16644 6 7 1 5
16574 7 8 1 9
14042 8 9 1 5
10686 9 10 1 10
4538 10 11 1 5
3306 11 12 1 6
21444 12 13 1 10
20926 13 14 1 10
9629 14 15 1 7
7971 15 16 1 2
11534 16 17 1 5
18266 17 18 1 1
23672 18 19 1 10
25484 19 20 1 4
17205 20 21 1 6
29449 21 22 1 3
2359 22 23 1 3
24598 23 24 1 1
24
