24
23832 24753 15468 20530 24308 5944 6921 12833 1168 4265 21797 8958 15430 6394 7421 11763 2102 21993 19782 9020 3825 23236 9073 2542 
3 5 1 4 3 2 1 2 3 0 
23832 0 1 1 8
24753 1 2 1 4
15468 2 3 1 7
20530 3 4 1 2
24308 4 5 1 6
5944 5 6 1 6
6921 6 7 1 8
12833 7 8 1 4
1168 8 9 1 2
4265 9 10 1 9
21797 10 11 1 3
8958 11 12 1 2
15430 12 13 1 9
6394 13 14 1 1
7421 14 15 1 1
11763 15 16 1 4
2102 16 17 1 1
21993 17 18 1 2
19782 18 19 1 5
9020 19 20 1 9
3825 20 21 1 2
23236 21 22 1 4
9073 22 23 1 5
2542 23 24 1 5
24
