24
8938 14056 54981 19847 5630 46344 23515 27193 36899 251 1969 30870 10640 8365 45975 5482 7690 43825 12554 54885 24856 32459 29569 55675 
3 2 1 3 4 1 3 1 2 4 
8938 0 1 1 5
14056 1 2 1 1
54981 2 3 1 10
19847 3 4 1 1
5630 4 5 1 1
46344 5 6 1 4
23515 6 7 1 5
27193 7 8 1 2
36899 8 9 1 4
251 9 10 1 9
1969 10 11 1 3
30870 11 12 1 7
10640 12 13 1 8
8365 13 14 1 10
45975 14 15 1 4
5482 15 16 1 9
7690 16 17 1 10
43825 17 18 1 6
12554 18 19 1 10
54885 19 20 1 2
24856 20 21 1 7
32459 21 22 1 5
29569 22 23 1 7
55675 23 24 1 5
24
