24
28564 19047 29963 18251 13571 59726 9053 22906 24744 26787 26183 7946 26277 9097 53075 50496 52679 17034 10704 4084 53958 15070 27622 15320 
3 6 2 2 1 3 2 0 1 4 
28564 0 1 1 6
19047 1 2 1 9
29963 2 3 1 2
18251 3 4 1 6
13571 4 5 1 1
59726 5 6 1 2
9053 6 7 1 3
22906 7 8 1 2
24744 8 9 1 5
26787 9 10 1 10
26183 10 11 1 10
7946 11 12 1 7
26277 12 13 1 10
9097 13 14 1 2
53075 14 15 1 1
50496 15 16 1 2
52679 16 17 1 10
17034 17 18 1 1
10704 18 19 1 4
4084 19 20 1 6
53958 20 21 1 4
15070 21 22 1 3
27622 22 23 1 2
15320 23 24 1 7
24
