24
3623 2924 16584 6880 5939 12972 16477 11488 18011 16332 8686 10560 1541 1054 11943 4659 15317 14948 15843 1239 13426 9727 11917 1 
2 2 1 1 3 3 2 2 2 6 
3623 0 1 1 2
2924 1 2 1 9
16584 2 3 1 4
6880 3 4 1 5
5939 4 5 1 1
12972 5 6 1 10
16477 6 7 1 6
11488 7 8 1 8
18011 8 9 1 9
16332 9 10 1 8
8686 10 11 1 6
10560 11 12 1 1
1541 12 13 1 10
1054 13 14 1 7
11943 14 15 1 5
4659 15 16 1 10
15317 16 17 1 3
14948 17 18 1 6
15843 18 19 1 5
1239 19 20 1 10
13426 20 21 1 10
9727 21 22 1 7
11917 22 23 1 2
1 23 24 1 10
24
