24
10983 2269 12101 15602 9298 6534 1222 15376 21177 18690 20592 3327 23782 239 13073 5029 9925 5279 21918 23440 9962 864 25295 343 
1 1 5 1 3 1 3 5 3 1 
10983 0 1 1 9
2269 1 2 1 6
12101 2 3 1 4
15602 3 4 1 3
9298 4 5 1 10
6534 5 6 1 7
1222 6 7 1 8
15376 7 8 1 7
21177 8 9 1 8
18690 9 10 1 3
20592 10 11 1 8
3327 11 12 1 5
23782 12 13 1 3
239 13 14 1 7
13073 14 15 1 3
5029 15 16 1 8
9925 16 17 1 2
5279 17 18 1 8
21918 18 19 1 9
23440 19 20 1 1
9962 20 21 1 9
864 21 22 1 5
25295 22 23 1 3
343 23 24 1 5
24
