24
13567 9737 12616 564 14091 13665 18444 16715 18501 1236 13222 17585 2062 14304 16078 1857 18116 21306 15793 9089 6921 13970 21557 18317 
1 2 4 6 1 0 2 5 1 2 
13567 0 1 1 2
9737 1 2 1 4
12616 2 3 1 8
564 3 4 1 4
14091 4 5 1 4
13665 5 6 1 3
18444 6 7 1 9
16715 7 8 1 3
18501 8 9 1 4
1236 9 10 1 4
13222 10 11 1 2
17585 11 12 1 5
2062 12 13 1 7
14304 13 14 1 1
16078 14 15 1 3
1857 15 16 1 10
18116 16 17 1 4
21306 17 18 1 8
15793 18 19 1 7
9089 19 20 1 8
6921 20 21 1 10
13970 21 22 1 8
21557 22 23 1 8
18317 23 24 1 3
24
