24
12054 5203 27965 25190 4436 3030 19916 33030 7459 11096 30216 31964 5302 3540 10424 29586 14344 15578 19284 25965 3729 8180 33012 13822 
3 1 0 2 1 2 1 6 2 6 
12054 0 1 1 5
5203 1 2 1 9
27965 2 3 1 9
25190 3 4 1 10
4436 4 5 1 7
3030 5 6 1 10
19916 6 7 1 10
33030 7 8 1 6
7459 8 9 1 1
11096 9 10 1 10
30216 10 11 1 10
31964 11 12 1 8
5302 12 13 1 1
3540 13 14 1 4
10424 14 15 1 4
29586 15 16 1 2
14344 16 17 1 6
15578 17 18 1 8
19284 18 19 1 8
25965 19 20 1 10
3729 20 21 1 1
8180 21 22 1 8
33012 22 23 1 8
13822 23 24 1 8
24
