24
8727 8391 10495 32226 17440 13568 24768 43360 34764 46756 40569 29115 26535 45172 46487 41266 30615 16348 14043 5286 47483 26859 3251 1925 
1 3 2 2 2 5 1 2 3 3 
8727 0 1 1 2
8391 1 2 1 9
10495 2 3 1 2
32226 3 4 1 9
17440 4 5 1 7
13568 5 6 1 8
24768 6 7 1 9
43360 7 8 1 5
34764 8 9 1 6
46756 9 10 1 6
40569 10 11 1 5
29115 11 12 1 10
26535 12 13 1 3
45172 13 14 1 4
46487 14 15 1 8
41266 15 16 1 2
30615 16 17 1 6
16348 17 18 1 10
14043 18 19 1 4
5286 19 20 1 1
47483 20 21 1 6
26859 21 22 1 6
3251 22 23 1 3
1925 23 24 1 10
24
