24
8740 28368 27981 43982 26370 13828 16268 21467 26697 43518 14130 15114 55560 56486 38033 48372 10706 58926 55446 54032 12380 21643 57577 17653 
4 5 4 2 1 2 3 0 2 1 
8740 0 1 1 2
28368 1 2 1 4
27981 2 3 1 3
43982 3 4 1 6
26370 4 5 1 7
13828 5 6 1 7
16268 6 7 1 10
21467 7 8 1 6
26697 8 9 1 1
43518 9 10 1 3
14130 10 11 1 5
15114 11 12 1 3
55560 12 13 1 2
56486 13 14 1 2
38033 14 15 1 1
48372 15 16 1 4
10706 16 17 1 9
58926 17 18 1 9
55446 18 19 1 1
54032 19 20 1 7
12380 20 21 1 2
21643 21 22 1 2
57577 22 23 1 3
17653 23 24 1 1
24
