24
15123 566 9753 9402 15129 9928 26533 16055 22392 7093 8028 38159 37665 16158 19517 37253 45025 17364 5801 19464 6227 29395 35410 46537 
0 5 1 3 4 2 2 2 4 1 
15123 0 1 1 5
566 1 2 1 9
9753 2 3 1 2
9402 3 4 1 4
15129 4 5 1 9
9928 5 6 1 9
26533 6 7 1 2
16055 7 8 1 2
22392 8 9 1 7
7093 9 10 1 8
8028 10 11 1 5
38159 11 12 1 2
37665 12 13 1 3
16158 13 14 1 4
19517 14 15 1 4
37253 15 16 1 5
45025 16 17 1 2
17364 17 18 1 5
5801 18 19 1 9
19464 19 20 1 10
6227 20 21 1 7
29395 21 22 1 6
35410 22 23 1 6
46537 23 24 1 8
24
