24
28926 24878 34355 21556 31835 43548 15502 26528 33447 23930 40762 32448 30390 44117 12392 19415 48081 40623 19359 40671 37346 3609 47911 6046 
3 2 3 3 6 4 1 2 
28926 0 1 1 5
24878 1 2 1 4
34355 2 3 1 8
21556 3 4 1 8
31835 4 5 1 5
43548 5 6 1 5
15502 6 7 1 2
26528 7 8 1 4
33447 8 9 1 5
23930 9 10 1 5
40762 10 11 1 1
32448 11 12 1 2
30390 12 13 1 5
44117 13 14 1 6
12392 14 15 1 6
19415 15 16 1 1
48081 16 17 1 1
40623 17 18 1 3
19359 18 19 1 3
40671 19 20 1 7
37346 20 21 1 6
3609 21 22 1 6
47911 22 23 1 3
6046 23 24 1 4
24
