24
25906 24363 31682 39664 19937 29929 22882 38730 13378 33413 5939 16018 27465 3539 30881 46484 28641 2420 49896 7651 12100 8338 24080 6656 
2 1 3 3 4 0 4 1 3 3 
25906 0 1 1 4
24363 1 2 1 8
31682 2 3 1 2
39664 3 4 1 10
19937 4 5 1 7
29929 5 6 1 3
22882 6 7 1 5
38730 7 8 1 7
13378 8 9 1 3
33413 9 10 1 10
5939 10 11 1 9
16018 11 12 1 1
27465 12 13 1 4
3539 13 14 1 5
30881 14 15 1 7
46484 15 16 1 10
28641 16 17 1 5
2420 17 18 1 1
49896 18 19 1 5
7651 19 20 1 3
12100 20 21 1 9
8338 21 22 1 9
24080 22 23 1 4
6656 23 24 1 7
24
