24
4997 2826 11002 22947 25621 11008 34803 14228 6040 11950 34613 32070 24608 35622 38856 9723 33862 36842 37553 19026 26838 40113 25572 35308 
1 1 3 1 2 5 5 2 1 3 
4997 0 1 1 4
2826 1 2 1 3
11002 2 3 1 6
22947 3 4 1 7
25621 4 5 1 6
11008 5 6 1 1
34803 6 7 1 8
14228 7 8 1 7
6040 8 9 1 5
11950 9 10 1 8
34613 10 11 1 3
32070 11 12 1 5
24608 12 13 1 6
35622 13 14 1 7
38856 14 15 1 7
9723 15 16 1 2
33862 16 17 1 6
36842 17 18 1 10
37553 18 19 1 7
19026 19 20 1 9
26838 20 21 1 10
40113 21 22 1 6
25572 22 23 1 10
35308 23 24 1 3
24
