24
54204 20280 49140 18235 57600 36722 29790 33745 28093 587 41464 24098 33595 13958 53956 47631 24548 14716 34864 19003 23627 55127 900 22186 
3 1 1 1 2 2 4 4 3 3 
54204 0 1 1 8
20280 1 2 1 1
49140 2 3 1 6
18235 3 4 1 10
57600 4 5 1 2
36722 5 6 1 4
29790 6 7 1 7
33745 7 8 1 8
28093 8 9 1 8
587 9 10 1 6
41464 10 11 1 1
24098 11 12 1 5
33595 12 13 1 10
13958 13 14 1 1
53956 14 15 1 7
47631 15 16 1 9
24548 16 17 1 3
14716 17 18 1 7
34864 18 19 1 10
19003 19 20 1 5
23627 20 21 1 7
55127 21 22 1 9
900 22 23 1 9
22186 23 24 1 8
24
