24
8128 14109 12748 28331 29507 31166 5424 12799 27376 25871 29783 20962 6878 7422 23037 1998 24147 18001 10058 13092 31410 6807 35849 1141 
0 3 3 3 3 3 1 3 2 3 
8128 0 1 1 9
14109 1 2 1 8
12748 2 3 1 8
28331 3 4 1 6
29507 4 5 1 10
31166 5 6 1 6
5424 6 7 1 7
12799 7 8 1 10
27376 8 9 1 4
25871 9 10 1 10
29783 10 11 1 3
20962 11 12 1 6
6878 12 13 1 3
7422 13 14 1 5
23037 14 15 1 4
1998 15 16 1 3
24147 16 17 1 5
18001 17 18 1 8
10058 18 19 1 4
13092 19 20 1 9
31410 20 21 1 2
6807 21 22 1 5
35849 22 23 1 2
1141 23 24 1 2
24
