24
25001 27699 4073 15821 13218 31053 13358 18796 18281 5174 23719 2602 22730 7628 19276 25731 1677 25811 8956 30234 20729 6572 9636 1271 
2 1 7 2 1 5 2 1 2 1 
25001 0 1 1 9
27699 1 2 1 3
4073 2 3 1 4
15821 3 4 1 9
13218 4 5 1 6
31053 5 6 1 6
13358 6 7 1 1
18796 7 8 1 5
18281 8 9 1 4
5174 9 10 1 1
23719 10 11 1 3
2602 11 12 1 6
22730 12 13 1 7
7628 13 14 1 2
19276 14 15 1 10
25731 15 16 1 8
1677 16 17 1 3
25811 17 18 1 3
8956 18 19 1 3
30234 19 20 1 3
20729 20 21 1 6
6572 21 22 1 3
9636 22 23 1 6
1271 23 24 1 7
24
