24
21845 40396 43264 43437 1258 48957 30285 30157 27537 30441 33135 44678 35204 32511 21113 11196 23002 52078 7267 6453 49377 11076 45124 9117 
0 2 2 4 2 2 2 2 2 6 
21845 0 1 1 10
40396 1 2 1 2
43264 2 3 1 10
43437 3 4 1 6
1258 4 5 1 10
48957 5 6 1 4
30285 6 7 1 4
30157 7 8 1 4
27537 8 9 1 10
30441 9 10 1 9
33135 10 11 1 5
44678 11 12 1 7
35204 12 13 1 3
32511 13 14 1 3
21113 14 15 1 2
11196 15 16 1 4
23002 16 17 1 8
52078 17 18 1 10
7267 18 19 1 10
6453 19 20 1 8
49377 20 21 1 9
11076 21 22 1 7
45124 22 23 1 6
9117 23 24 1 5
24
