24
5451 6478 13541 18845 17427 11369 5757 1289 15671 4741 17696 11086 14260 12856 16056 12210 5932 19834 13024 9609 19605 4176 6693 147 
2 2 3 1 1 4 2 1 5 3 
5451 0 1 1 6
6478 1 2 1 7
13541 2 3 1 7
18845 3 4 1 10
17427 4 5 1 10
11369 5 6 1 8
5757 6 7 1 4
1289 7 8 1 9
15671 8 9 1 9
4741 9 10 1 2
17696 10 11 1 9
11086 11 12 1 6
14260 12 13 1 6
12856 13 14 1 10
16056 14 15 1 3
12210 15 16 1 9
5932 16 17 1 6
19834 17 18 1 1
13024 18 19 1 9
9609 19 20 1 1
19605 20 21 1 2
4176 21 22 1 3
6693 22 23 1 3
147 23 24 1 5
24
