24
16717 7789 32087 9938 36231 10983 3542 34434 11236 3408 8495 678 28692 29719 5175 12322 7422 12169 18648 8771 37 3637 36846 170 
1 2 7 1 2 1 3 5 2 0 
16717 0 1 1 3
7789 1 2 1 2
32087 2 3 1 8
9938 3 4 1 8
36231 4 5 1 8
10983 5 6 1 9
3542 6 7 1 3
34434 7 8 1 7
11236 8 9 1 5
3408 9 10 1 3
8495 10 11 1 9
678 11 12 1 4
28692 12 13 1 1
29719 13 14 1 2
5175 14 15 1 6
12322 15 16 1 5
7422 16 17 1 3
12169 17 18 1 3
18648 18 19 1 8
8771 19 20 1 8
37 20 21 1 7
3637 21 22 1 3
36846 22 23 1 3
170 23 24 1 7
24
