24
12179 10957 46384 22936 20878 35667 25237 2 39644 4228 13610 3706 9773 41475 29124 42730 35659 36937 47972 9706 20667 6950 27727 33077 
1 3 4 2 1 3 0 3 2 5 
12179 0 1 1 4
10957 1 2 1 4
46384 2 3 1 8
22936 3 4 1 6
20878 4 5 1 5
35667 5 6 1 8
25237 6 7 1 3
2 7 8 1 10
39644 8 9 1 10
4228 9 10 1 6
13610 10 11 1 3
3706 11 12 1 1
9773 12 13 1 6
41475 13 14 1 9
29124 14 15 1 10
42730 15 16 1 3
35659 16 17 1 10
36937 17 18 1 10
47972 18 19 1 2
9706 19 20 1 2
20667 20 21 1 9
6950 21 22 1 3
27727 22 23 1 8
33077 23 24 1 2
24
