24
7175 15380 5224 13468 9998 12624 15873 3331 520 7187 16574 12962 4702 10903 13884 4976 4165 11 15470 6373 674 2901 3801 7643 
3 3 2 2 1 2 4 5 1 1 
7175 0 1 1 3
15380 1 2 1 5
5224 2 3 1 7
13468 3 4 1 8
9998 4 5 1 7
12624 5 6 1 10
15873 6 7 1 6
3331 7 8 1 1
520 8 9 1 9
7187 9 10 1 7
16574 10 11 1 2
12962 11 12 1 1
4702 12 13 1 4
10903 13 14 1 8
13884 14 15 1 2
4976 15 16 1 2
4165 16 17 1 6
11 17 18 1 7
15470 18 19 1 3
6373 19 20 1 4
674 20 21 1 8
2901 21 22 1 8
3801 22 23 1 1
7643 23 24 1 8
24
