24
47355 30414 31294 23123 28891 48664 22883 16156 42186 14766 23069 43597 26377 41695 30255 32138 24177 16059 1155 23423 49347 46215 10562 6359 
3 2 1 3 1 4 2 2 2 2 1 1 
47355 0 1 1 2
30414 1 2 1 9
31294 2 3 1 1
23123 3 4 1 6
28891 4 5 1 9
48664 5 6 1 10
22883 6 7 1 7
16156 7 8 1 11
42186 8 9 1 6
14766 9 10 1 2
23069 10 11 1 12
43597 11 12 1 10
26377 12 13 1 4
41695 13 14 1 8
30255 14 15 1 3
32138 15 16 1 8
24177 16 17 1 4
16059 17 18 1 7
1155 18 19 1 1
23423 19 20 1 4
49347 20 21 1 6
46215 21 22 1 5
10562 22 23 1 6
6359 23 24 1 1
24
