24
1726 31914 39281 28461 31432 23579 1624 22802 26272 48395 33955 19187 37562 27384 13640 19686 1053 25413 43675 5318 3336 8188 45722 36837 
1 2 2 2 0 2 3 4 3 5 
1726 0 1 1 10
31914 1 2 1 10
39281 2 3 1 4
28461 3 4 1 9
31432 4 5 1 6
23579 5 6 1 1
1624 6 7 1 8
22802 7 8 1 3
26272 8 9 1 7
48395 9 10 1 8
33955 10 11 1 4
19187 11 12 1 7
37562 12 13 1 8
27384 13 14 1 9
13640 14 15 1 10
19686 15 16 1 6
1053 16 17 1 2
25413 17 18 1 9
43675 18 19 1 10
5318 19 20 1 7
3336 20 21 1 8
8188 21 22 1 3
45722 22 23 1 10
36837 23 24 1 2
24
