24
2166 26475 20371 27008 11806 46725 10367 3525 5052 23274 21009 28924 49146 35006 5167 35806 37858 7102 30171 1 37932 49107 29685 45817 
1 2 2 3 5 1 1 5 3 1 
2166 0 1 1 8
26475 1 2 1 4
20371 2 3 1 8
27008 3 4 1 1
11806 4 5 1 2
46725 5 6 1 5
10367 6 7 1 9
3525 7 8 1 5
5052 8 9 1 4
23274 9 10 1 9
21009 10 11 1 8
28924 11 12 1 2
49146 12 13 1 6
35006 13 14 1 5
5167 14 15 1 10
35806 15 16 1 3
37858 16 17 1 7
7102 17 18 1 5
30171 18 19 1 8
1 19 20 1 5
37932 20 21 1 8
49107 21 22 1 9
29685 22 23 1 4
45817 23 24 1 3
24
