24
13555 19427 6224 36934 18829 22510 16599 19812 46333 2 52888 20310 30914 13336 49574 20064 33342 56239 8787 51093 5536 35841 1672 41546 
4 1 3 2 2 3 1 4 2 2 
13555 0 1 1 5
19427 1 2 1 6
6224 2 3 1 1
36934 3 4 1 2
18829 4 5 1 4
22510 5 6 1 9
16599 6 7 1 8
19812 7 8 1 1
46333 8 9 1 3
2 9 10 1 10
52888 10 11 1 1
20310 11 12 1 6
30914 12 13 1 8
13336 13 14 1 1
49574 14 15 1 5
20064 15 16 1 9
33342 16 17 1 10
56239 17 18 1 3
8787 18 19 1 4
51093 19 20 1 8
5536 20 21 1 7
35841 21 22 1 3
1672 22 23 1 8
41546 23 24 1 6
24
