24
20827 2968 27383 27756 7475 16757 12195 20453 17251 197 7921 6693 25646 10593 18712 27931 7043 71 19938 27726 6887 26205 9693 12767 
1 5 0 3 1 3 3 0 3 5 
20827 0 1 1 9
2968 1 2 1 2
27383 2 3 1 4
27756 3 4 1 5
7475 4 5 1 7
16757 5 6 1 10
12195 6 7 1 9
20453 7 8 1 7
17251 8 9 1 6
197 9 10 1 2
7921 10 11 1 7
6693 11 12 1 4
25646 12 13 1 10
10593 13 14 1 6
18712 14 15 1 1
27931 15 16 1 4
7043 16 17 1 10
71 17 18 1 10
19938 18 19 1 9
27726 19 20 1 6
6887 20 21 1 2
26205 21 22 1 10
9693 22 23 1 2
12767 23 24 1 2
24
