24
1977 373 12899 2708 7120 902 13952 15073 12521 7298 8364 2282 15048 7616 10335 1575 12355 1316 5844 9982 14615 1935 12885 5846 
1 5 4 3 4 0 3 0 3 1 
1977 0 1 1 9
373 1 2 1 3
12899 2 3 1 3
2708 3 4 1 4
7120 4 5 1 2
902 5 6 1 2
13952 6 7 1 9
15073 7 8 1 2
12521 8 9 1 4
7298 9 10 1 4
8364 10 11 1 2
2282 11 12 1 3
15048 12 13 1 5
7616 13 14 1 3
10335 14 15 1 5
1575 15 16 1 1
12355 16 17 1 2
1316 17 18 1 9
5844 18 19 1 5
9982 19 20 1 10
14615 20 21 1 7
1935 21 22 1 7
12885 22 23 1 7
5846 23 24 1 5
24
