24
20850 7876 23130 18756 34926 27448 27724 12254 37438 19846 27247 26961 37016 37304 35422 36037 34919 124 33417 17738 13916 1162 23204 35268 
6 3 1 2 2 2 0 1 5 2 
20850 0 1 1 9
7876 1 2 1 1
23130 2 3 1 6
18756 3 4 1 9
34926 4 5 1 9
27448 5 6 1 8
27724 6 7 1 6
12254 7 8 1 9
37438 8 9 1 1
19846 9 10 1 3
27247 10 11 1 10
26961 11 12 1 4
37016 12 13 1 1
37304 13 14 1 2
35422 14 15 1 10
36037 15 16 1 2
34919 16 17 1 1
124 17 18 1 1
33417 18 19 1 4
17738 19 20 1 9
13916 20 21 1 5
1162 21 22 1 2
23204 22 23 1 5
35268 23 24 1 1
24
