24
3914 5353 41685 44581 31193 1277 20190 30553 17756 32611 5212 1793 34760 23354 256 9485 20909 42399 17430 49792 11922 10338 14357 7469 
1 1 0 1 0 0 1 0 2 2 1 0 0 3 0 2 1 2 0 0 0 3 1 0 3 
3914 0 1 1 25
5353 1 2 1 2
41685 2 3 1 7
44581 3 4 1 10
31193 4 5 1 25
1277 5 6 1 14
20190 6 7 1 1
30553 7 8 1 14
17756 8 9 1 9
32611 9 10 1 16
5212 10 11 1 11
1793 11 12 1 18
34760 12 13 1 14
23354 13 14 1 4
256 14 15 1 10
9485 15 16 1 18
20909 16 17 1 23
42399 17 18 1 22
17430 18 19 1 9
49792 19 20 1 25
11922 20 21 1 17
10338 21 22 1 22
14357 22 23 1 22
7469 23 24 1 16
24
