24
30475 10064 46930 25744 22225 3603 17882 4256 22351 14042 34489 25022 2441 20123 24791 40133 44299 12948 3789 26606 48069 25857 649 15997 
3 1 1 0 0 0 1 0 2 0 1 2 1 2 2 1 0 1 0 2 0 0 0 2 2 0 0 0 0 
30475 0 1 1 20
10064 1 2 1 25
46930 2 3 1 12
25744 3 4 1 15
22225 4 5 1 12
3603 5 6 1 15
17882 6 7 1 24
4256 7 8 1 9
22351 8 9 1 25
14042 9 10 1 14
34489 10 11 1 1
25022 11 12 1 3
2441 12 13 1 20
20123 13 14 1 1
24791 14 15 1 13
40133 15 16 1 1
44299 16 17 1 24
12948 17 18 1 2
3789 18 19 1 11
26606 19 20 1 7
48069 20 21 1 14
25857 21 22 1 16
649 22 23 1 9
15997 23 24 1 18
24
