24
42550 47749 18094 7906 3552 35950 16423 8015 44513 52340 23734 369 10286 14492 34298 40966 11772 21320 6889 24033 45292 35434 50467 26418 
2 4 3 2 0 1 4 2 4 2 
42550 0 1 1 2
47749 1 2 1 10
18094 2 3 1 1
7906 3 4 1 8
3552 4 5 1 8
35950 5 6 1 9
16423 6 7 1 2
8015 7 8 1 3
44513 8 9 1 3
52340 9 10 1 10
23734 10 11 1 6
369 11 12 1 3
10286 12 13 1 9
14492 13 14 1 7
34298 14 15 1 4
40966 15 16 1 2
11772 16 17 1 1
21320 17 18 1 2
6889 18 19 1 7
24033 19 20 1 9
45292 20 21 1 4
35434 21 22 1 7
50467 22 23 1 7
26418 23 24 1 9
24
