24
7330 34557 10882 24810 43380 8670 8032 18845 10415 49715 22960 10723 43328 49520 2632 37201 6444 16293 31366 40219 734 9250 46493 49903 
3 3 2 3 6 5 2 
7330 0 1 1 5
34557 1 2 1 6
10882 2 3 1 1
24810 3 4 1 5
43380 4 5 1 5
8670 5 6 1 2
8032 6 7 1 6
18845 7 8 1 5
10415 8 9 1 3
49715 9 10 1 1
22960 10 11 1 3
10723 11 12 1 1
43328 12 13 1 7
49520 13 14 1 7
2632 14 15 1 6
37201 15 16 1 4
6444 16 17 1 2
16293 17 18 1 4
31366 18 19 1 5
40219 19 20 1 6
734 20 21 1 6
9250 21 22 1 5
46493 22 23 1 4
49903 23 24 1 2
24
