24
6408 15292 4340 29400 15342 10013 23253 4155 1599 36251 37789 15233 43738 33447 16119 4893 29939 5537 17717 23402 34674 29032 43629 32831 
1 4 4 5 2 3 0 2 1 2 
6408 0 1 1 2
15292 1 2 1 2
4340 2 3 1 6
29400 3 4 1 5
15342 4 5 1 6
10013 5 6 1 10
23253 6 7 1 2
4155 7 8 1 3
1599 8 9 1 1
36251 9 10 1 4
37789 10 11 1 5
15233 11 12 1 3
43738 12 13 1 2
33447 13 14 1 3
16119 14 15 1 9
4893 15 16 1 4
29939 16 17 1 6
5537 17 18 1 8
17717 18 19 1 4
23402 19 20 1 3
34674 20 21 1 4
29032 21 22 1 10
43629 22 23 1 8
32831 23 24 1 4
24
