24
23244 39270 18641 9747 46134 23828 3201 45006 6316 25355 5682 31948 50851 12680 22553 24403 23007 45318 34595 56806 40920 6616 40474 7460 
1 1 1 6 4 0 2 4 3 2 
23244 0 1 1 7
39270 1 2 1 1
18641 2 3 1 3
9747 3 4 1 10
46134 4 5 1 8
23828 5 6 1 8
3201 6 7 1 4
45006 7 8 1 4
6316 8 9 1 8
25355 9 10 1 8
5682 10 11 1 5
31948 11 12 1 9
50851 12 13 1 5
12680 13 14 1 4
22553 14 15 1 4
24403 15 16 1 2
23007 16 17 1 5
45318 17 18 1 9
34595 18 19 1 9
56806 19 20 1 10
40920 20 21 1 4
6616 21 22 1 7
40474 22 23 1 5
7460 23 24 1 4
24
