24
37903 22650 21159 20028 1879 12023 19842 29625 36952 33701 19477 6582 23617 27001 26065 29521 35264 36779 17064 30122 19375 8750 38374 1703 
1 3 1 4 1 5 3 4 1 1 
37903 0 1 1 10
22650 1 2 1 8
21159 2 3 1 4
20028 3 4 1 6
1879 4 5 1 8
12023 5 6 1 5
19842 6 7 1 6
29625 7 8 1 9
36952 8 9 1 6
33701 9 10 1 8
19477 10 11 1 1
6582 11 12 1 4
23617 12 13 1 4
27001 13 14 1 3
26065 14 15 1 2
29521 15 16 1 6
35264 16 17 1 4
36779 17 18 1 7
17064 18 19 1 8
30122 19 20 1 6
19375 20 21 1 7
8750 21 22 1 7
38374 22 23 1 2
1703 23 24 1 2
24
