24
35294 28883 4869 22842 27514 26130 19501 17842 10931 33306 25926 21810 4831 36591 20334 29544 7213 1779 28958 19615 17691 6600 36293 16776 
3 3 1 1 4 1 4 3 3 1 
35294 0 1 1 5
28883 1 2 1 7
4869 2 3 1 1
22842 3 4 1 8
27514 4 5 1 9
26130 5 6 1 1
19501 6 7 1 8
17842 7 8 1 9
10931 8 9 1 2
33306 9 10 1 7
25926 10 11 1 3
21810 11 12 1 2
4831 12 13 1 4
36591 13 14 1 1
20334 14 15 1 7
29544 15 16 1 10
7213 16 17 1 2
1779 17 18 1 8
28958 18 19 1 6
19615 19 20 1 5
17691 20 21 1 5
6600 21 22 1 9
36293 22 23 1 7
16776 23 24 1 5
24
