24
36896 25205 42310 33075 44248 13085 48161 41800 24586 33917 3088 6209 36569 40090 10626 50454 49006 45498 29443 37843 4811 30875 6341 49862 
2 1 1 6 3 2 1 1 6 1 
36896 0 1 1 4
25205 1 2 1 3
42310 2 3 1 5
33075 3 4 1 9
44248 4 5 1 9
13085 5 6 1 10
48161 6 7 1 4
41800 7 8 1 5
24586 8 9 1 2
33917 9 10 1 1
3088 10 11 1 8
6209 11 12 1 6
36569 12 13 1 4
40090 13 14 1 9
10626 14 15 1 1
50454 15 16 1 5
49006 16 17 1 4
45498 17 18 1 4
29443 18 19 1 9
37843 19 20 1 9
4811 20 21 1 7
30875 21 22 1 4
6341 22 23 1 9
49862 23 24 1 6
24
