24
10958 4811 27723 36558 33516 16700 4861 39631 24239 29206 47950 30017 27868 15766 31747 22850 9396 38629 48220 4228 30707 26891 14043 20577 
3 2 2 2 2 2 1 4 2 4 
10958 0 1 1 2
4811 1 2 1 8
27723 2 3 1 10
36558 3 4 1 8
33516 4 5 1 6
16700 5 6 1 3
4861 6 7 1 4
39631 7 8 1 8
24239 8 9 1 1
29206 9 10 1 8
47950 10 11 1 4
30017 11 12 1 10
27868 12 13 1 1
15766 13 14 1 3
31747 14 15 1 5
22850 15 16 1 7
9396 16 17 1 6
38629 17 18 1 9
48220 18 19 1 9
4228 19 20 1 10
30707 20 21 1 10
26891 21 22 1 2
14043 22 23 1 5
20577 23 24 1 1
24
