24
10248 6429 13916 5307 27716 3427 10102 9692 28386 13084 14038 11467 2804 5443 8860 3056 25999 6726 27651 18738 21182 4962 5620 13012 
2 1 2 3 3 2 2 4 4 1 
10248 0 1 1 10
6429 1 2 1 7
13916 2 3 1 2
5307 3 4 1 5
27716 4 5 1 4
3427 5 6 1 7
10102 6 7 1 9
9692 7 8 1 8
28386 8 9 1 8
13084 9 10 1 4
14038 10 11 1 5
11467 11 12 1 8
2804 12 13 1 1
5443 13 14 1 9
8860 14 15 1 8
3056 15 16 1 6
25999 16 17 1 1
6726 17 18 1 5
27651 18 19 1 3
18738 19 20 1 3
21182 20 21 1 9
4962 21 22 1 9
5620 22 23 1 6
13012 23 24 1 4
24
