24
25592 24544 16606 27710 15750 26760 10959 14466 16976 18808 2656 11180 32502 24931 6028 20113 29876 958 18937 1861 14093 24810 32021 7519 
0 3 2 1 4 2 5 4 2 1 
25592 0 1 1 9
24544 1 2 1 5
16606 2 3 1 7
27710 3 4 1 7
15750 4 5 1 5
26760 5 6 1 8
10959 6 7 1 5
14466 7 8 1 7
16976 8 9 1 9
18808 9 10 1 8
2656 10 11 1 3
11180 11 12 1 2
32502 12 13 1 2
24931 13 14 1 8
6028 14 15 1 6
20113 15 16 1 5
29876 16 17 1 7
958 17 18 1 4
18937 18 19 1 6
1861 19 20 1 3
14093 20 21 1 10
24810 21 22 1 8
32021 22 23 1 2
7519 23 24 1 7
24
