24
4225 2388 5581 9281 10571 4734 7898 312 13300 9147 2390 6946 9648 8823 9330 3190 5799 10965 2979 1657 9127 12449 13204 12971 
3 5 3 1 1 2 5 1 2 1 
4225 0 1 1 7
2388 1 2 1 8
5581 2 3 1 6
9281 3 4 1 10
10571 4 5 1 7
4734 5 6 1 6
7898 6 7 1 2
312 7 8 1 2
13300 8 9 1 3
9147 9 10 1 7
2390 10 11 1 7
6946 11 12 1 5
9648 12 13 1 1
8823 13 14 1 3
9330 14 15 1 7
3190 15 16 1 9
5799 16 17 1 3
10965 17 18 1 2
2979 18 19 1 9
1657 19 20 1 4
9127 20 21 1 2
12449 21 22 1 1
13204 22 23 1 1
12971 23 24 1 2
24
