24
13790 15010 13867 2261 9329 7456 3176 238 8286 10400 15274 5049 12779 7411 10702 15478 291 13164 9093 6104 15525 4635 9381 651 
2 2 3 2 3 1 6 1 1 3 
13790 0 1 1 10
15010 1 2 1 2
13867 2 3 1 3
2261 3 4 1 7
9329 4 5 1 5
7456 5 6 1 10
3176 6 7 1 1
238 7 8 1 10
8286 8 9 1 8
10400 9 10 1 4
15274 10 11 1 3
5049 11 12 1 1
12779 12 13 1 2
7411 13 14 1 3
10702 14 15 1 5
15478 15 16 1 7
291 16 17 1 7
13164 17 18 1 7
9093 18 19 1 6
6104 19 20 1 7
15525 20 21 1 9
4635 21 22 1 5
9381 22 23 1 7
651 23 24 1 4
24
