24
24933 43232 41109 6652 21780 30178 3537 19220 49128 5104 23144 24550 46128 35543 26165 18380 21563 13043 3347 29919 43582 5033 13160 24543 
1 0 0 1 0 2 1 0 0 0 0 1 2 0 1 0 1 1 0 7 3 1 1 0 1 
24933 0 1 1 17
43232 1 2 1 22
41109 2 3 1 20
6652 3 4 1 7
21780 4 5 1 20
30178 5 6 1 20
3537 6 7 1 6
19220 7 8 1 20
49128 8 9 1 20
5104 9 10 1 6
23144 10 11 1 23
24550 11 12 1 25
46128 12 13 1 20
35543 13 14 1 21
26165 14 15 1 4
18380 15 16 1 15
21563 16 17 1 21
13043 17 18 1 18
3347 18 19 1 21
29919 19 20 1 12
43582 20 21 1 13
5033 21 22 1 1
13160 22 23 1 13
24543 23 24 1 20
24
