24
17706 19847 30359 8865 40384 19656 1758 32522 4998 21634 24954 14685 40171 6454 49834 36467 41209 38773 40425 3190 49028 38704 28830 25499 
1 2 0 0 0 1 2 0 2 1 0 0 1 3 1 2 2 2 0 0 1 1 1 0 1 
17706 0 1 1 17
19847 1 2 1 2
30359 2 3 1 17
8865 3 4 1 18
40384 4 5 1 21
19656 5 6 1 10
1758 6 7 1 16
32522 7 8 1 22
4998 8 9 1 15
21634 9 10 1 9
24954 10 11 1 14
14685 11 12 1 14
40171 12 13 1 9
6454 13 14 1 6
49834 14 15 1 16
36467 15 16 1 13
41209 16 17 1 7
38773 17 18 1 25
40425 18 19 1 1
3190 19 20 1 7
49028 20 21 1 18
38704 21 22 1 14
28830 22 23 1 2
25499 23 24 1 23
24
