24
44968 3957 38700 8814 31546 33366 14320 42846 26909 35519 34288 32203 19062 44794 9967 14817 2409 24136 2968 37679 16123 23812 10204 37744 
1 0 3 4 1 3 0 6 2 4 
44968 0 1 1 6
3957 1 2 1 10
38700 2 3 1 3
8814 3 4 1 4
31546 4 5 1 6
33366 5 6 1 4
14320 6 7 1 10
42846 7 8 1 10
26909 8 9 1 10
35519 9 10 1 8
34288 10 11 1 5
32203 11 12 1 3
19062 12 13 1 8
44794 13 14 1 1
9967 14 15 1 8
14817 15 16 1 3
2409 16 17 1 8
24136 17 18 1 6
2968 18 19 1 4
37679 19 20 1 4
16123 20 21 1 9
23812 21 22 1 9
10204 22 23 1 8
37744 23 24 1 8
24
