24
13776 41101 11711 25652 15288 14116 14611 46190 30242 39594 22611 19826 9109 5377 42401 37407 35039 36237 39855 48102 49848 18525 47990 494 
2 2 2 3 1 1 0 2 2 1 3 4 1 0 
13776 0 1 1 1
41101 1 2 1 6
11711 2 3 1 9
25652 3 4 1 1
15288 4 5 1 4
14116 5 6 1 4
14611 6 7 1 8
46190 7 8 1 2
30242 8 9 1 12
39594 9 10 1 12
22611 10 11 1 8
19826 11 12 1 11
9109 12 13 1 13
5377 13 14 1 12
42401 14 15 1 12
37407 15 16 1 3
35039 16 17 1 11
36237 17 18 1 9
39855 18 19 1 5
48102 19 20 1 11
49848 20 21 1 3
18525 21 22 1 2
47990 22 23 1 4
494 23 24 1 10
24
