24
23012 24789 13403 12127 17745 998 28800 19412 20477 14944 19350 27875 3623 13421 5934 22929 7266 32410 15648 31281 5097 7766 25592 24756 
2 3 1 1 3 5 3 2 3 1 
23012 0 1 1 6
24789 1 2 1 3
13403 2 3 1 9
12127 3 4 1 8
17745 4 5 1 8
998 5 6 1 7
28800 6 7 1 2
19412 7 8 1 4
20477 8 9 1 7
14944 9 10 1 9
19350 10 11 1 6
27875 11 12 1 2
3623 12 13 1 10
13421 13 14 1 9
5934 14 15 1 5
22929 15 16 1 5
7266 16 17 1 6
32410 17 18 1 1
15648 18 19 1 6
31281 19 20 1 5
5097 20 21 1 7
7766 21 22 1 6
25592 22 23 1 1
24756 23 24 1 2
24
