24
37447 41209 28428 36143 32550 18547 21444 1375 48152 20298 44091 36770 33000 17181 700 12860 3360 49337 49923 22588 45679 23697 6325 18131 
4 4 6 3 4 3 
37447 0 1 1 5
41209 1 2 1 5
28428 2 3 1 6
36143 3 4 1 3
32550 4 5 1 1
18547 5 6 1 1
21444 6 7 1 3
1375 7 8 1 2
48152 8 9 1 5
20298 9 10 1 6
44091 10 11 1 3
36770 11 12 1 4
33000 12 13 1 6
17181 13 14 1 5
700 14 15 1 4
12860 15 16 1 3
3360 16 17 1 3
49337 17 18 1 2
49923 18 19 1 2
22588 19 20 1 1
45679 20 21 1 3
23697 21 22 1 1
6325 22 23 1 2
18131 23 24 1 4
24
