24
27430 20058 8110 15333 17176 21247 17675 9966 25012 8718 14371 24976 1299 23261 23554 23901 16585 22575 8495 18222 29875 20759 7441 210 
2 3 0 3 1 3 0 5 6 1 
27430 0 1 1 2
20058 1 2 1 2
8110 2 3 1 9
15333 3 4 1 2
17176 4 5 1 8
21247 5 6 1 9
17675 6 7 1 8
9966 7 8 1 4
25012 8 9 1 1
8718 9 10 1 8
14371 10 11 1 9
24976 11 12 1 6
1299 12 13 1 10
23261 13 14 1 4
23554 14 15 1 5
23901 15 16 1 8
16585 16 17 1 9
22575 17 18 1 9
8495 18 19 1 4
18222 19 20 1 6
29875 20 21 1 1
20759 21 22 1 6
7441 22 23 1 9
210 23 24 1 8
24
