24
27739 40618 19101 31488 33618 15599 22918 20107 18040 4472 44261 8048 30652 719 32842 13059 34022 34219 35347 10165 16224 41726 2353 22642 
1 5 1 3 2 1 5 1 3 2 
27739 0 1 1 5
40618 1 2 1 8
19101 2 3 1 2
31488 3 4 1 7
33618 4 5 1 5
15599 5 6 1 4
22918 6 7 1 1
20107 7 8 1 9
18040 8 9 1 2
4472 9 10 1 7
44261 10 11 1 10
8048 11 12 1 4
30652 12 13 1 7
719 13 14 1 2
32842 14 15 1 4
13059 15 16 1 3
34022 16 17 1 2
34219 17 18 1 6
35347 18 19 1 7
10165 19 20 1 10
16224 20 21 1 9
41726 21 22 1 9
2353 22 23 1 7
22642 23 24 1 2
24
