24
36604 4696 33758 22415 19259 31046 3116 7803 14000 134 27734 12688 7679 17923 25806 1841 30570 10577 30735 34874 955 25998 25345 18300 
1 2 4 1 2 5 2 2 2 3 
36604 0 1 1 6
4696 1 2 1 2
33758 2 3 1 10
22415 3 4 1 10
19259 4 5 1 9
31046 5 6 1 5
3116 6 7 1 5
7803 7 8 1 3
14000 8 9 1 8
134 9 10 1 7
27734 10 11 1 8
12688 11 12 1 1
7679 12 13 1 6
17923 13 14 1 6
25806 14 15 1 3
1841 15 16 1 9
30570 16 17 1 2
10577 17 18 1 10
30735 18 19 1 4
34874 19 20 1 3
955 20 21 1 6
25998 21 22 1 7
25345 22 23 1 3
18300 23 24 1 6
24
