24
27496 30401 3712 27891 25721 7985 25436 24142 26964 22472 19684 15934 728 3411 10894 30098 13693 25386 24725 31128 11376 29101 27160 31437 
1 3 4 0 3 5 2 2 2 2 
27496 0 1 1 7
30401 1 2 1 1
3712 2 3 1 7
27891 3 4 1 6
25721 4 5 1 10
7985 5 6 1 2
25436 6 7 1 9
24142 7 8 1 3
26964 8 9 1 5
22472 9 10 1 9
19684 10 11 1 2
15934 11 12 1 10
728 12 13 1 5
3411 13 14 1 3
10894 14 15 1 2
30098 15 16 1 8
13693 16 17 1 3
25386 17 18 1 3
24725 18 19 1 6
31128 19 20 1 6
11376 20 21 1 8
29101 21 22 1 5
27160 22 23 1 6
31437 23 24 1 6
24
