24
20568 5343 49458 21646 27862 22890 5850 40117 14180 50724 33331 13357 57918 57632 5354 37941 11696 53993 50814 11210 22970 19687 34402 53425 
2 5 5 1 2 2 2 2 1 2 
20568 0 1 1 7
5343 1 2 1 8
49458 2 3 1 2
21646 3 4 1 3
27862 4 5 1 3
22890 5 6 1 3
5850 6 7 1 1
40117 7 8 1 2
14180 8 9 1 6
50724 9 10 1 1
33331 10 11 1 2
13357 11 12 1 7
57918 12 13 1 3
57632 13 14 1 10
5354 14 15 1 9
37941 15 16 1 5
11696 16 17 1 2
53993 17 18 1 5
50814 18 19 1 8
11210 19 20 1 2
22970 20 21 1 6
19687 21 22 1 3
34402 22 23 1 4
53425 23 24 1 10
24
