24
8756 15738 417 3073 6399 4109 2598 13163 10896 3437 503 5324 3047 10999 2979 10892 8642 16268 14586 5262 4119 395 13368 5008 
2 3 2 1 4 4 1 3 1 3 
8756 0 1 1 10
15738 1 2 1 2
417 2 3 1 7
3073 3 4 1 3
6399 4 5 1 8
4109 5 6 1 8
2598 6 7 1 2
13163 7 8 1 4
10896 8 9 1 8
3437 9 10 1 6
503 10 11 1 1
5324 11 12 1 1
3047 12 13 1 10
10999 13 14 1 5
2979 14 15 1 9
10892 15 16 1 5
8642 16 17 1 5
16268 17 18 1 10
14586 18 19 1 6
5262 19 20 1 6
4119 20 21 1 2
395 21 22 1 6
13368 22 23 1 5
5008 23 24 1 3
24
