24
3899 13804 10920 21625 11771 28930 44340 19406 24853 5557 34442 19550 19287 9618 34875 27628 18317 3779 2350 37431 8003 11766 47802 6517 
2 1 0 0 0 0 1 1 0 1 1 0 2 3 1 0 1 0 4 1 1 3 1 0 0 0 
3899 0 1 1 19
13804 1 2 1 20
10920 2 3 1 19
21625 3 4 1 15
11771 4 5 1 13
28930 5 6 1 14
44340 6 7 1 19
19406 7 8 1 17
24853 8 9 1 8
5557 9 10 1 22
34442 10 11 1 1
19550 11 12 1 7
19287 12 13 1 2
9618 13 14 1 19
34875 14 15 1 22
27628 15 16 1 1
18317 16 17 1 11
3779 17 18 1 13
2350 18 19 1 23
37431 19 20 1 14
8003 20 21 1 14
11766 21 22 1 22
47802 22 23 1 21
6517 23 24 1 10
24
