24
47678 5706 20496 45249 41292 40195 29610 21085 18168 4039 34451 37538 1759 38248 33160 45594 36871 11139 22857 17994 37311 2397 38332 37880 
2 3 0 3 2 0 1 3 1 0 2 0 2 2 1 0 1 1 0 
47678 0 1 1 14
5706 1 2 1 9
20496 2 3 1 4
45249 3 4 1 11
41292 4 5 1 15
40195 5 6 1 7
29610 6 7 1 5
21085 7 8 1 4
18168 8 9 1 8
4039 9 10 1 8
34451 10 11 1 1
37538 11 12 1 13
1759 12 13 1 4
38248 13 14 1 14
33160 14 15 1 18
45594 15 16 1 1
36871 16 17 1 2
11139 17 18 1 13
22857 18 19 1 17
17994 19 20 1 2
37311 20 21 1 8
2397 21 22 1 2
38332 22 23 1 11
37880 23 24 1 5
24
