24
3963 39001 20755 17895 13549 38140 3269 6746 31749 23200 37428 20410 754 12259 16962 37275 9488 1 23899 9167 2489 30237 26445 1936 
2 3 2 1 3 2 4 2 1 4 
3963 0 1 1 5
39001 1 2 1 10
20755 2 3 1 9
17895 3 4 1 6
13549 4 5 1 8
38140 5 6 1 3
3269 6 7 1 1
6746 7 8 1 7
31749 8 9 1 2
23200 9 10 1 7
37428 10 11 1 10
20410 11 12 1 2
754 12 13 1 7
12259 13 14 1 3
16962 14 15 1 6
37275 15 16 1 8
9488 16 17 1 2
1 17 18 1 1
23899 18 19 1 7
9167 19 20 1 10
2489 20 21 1 10
30237 21 22 1 5
26445 22 23 1 5
1936 23 24 1 4
24
