24
33886 16984 17924 13908 1541 32794 22648 33774 39291 16141 36830 12310 30805 39992 8868 17611 18672 16742 38518 8023 14311 33337 27793 39167 
1 5 3 4 4 2 1 3 1 0 
33886 0 1 1 4
16984 1 2 1 4
17924 2 3 1 7
13908 3 4 1 9
1541 4 5 1 2
32794 5 6 1 8
22648 6 7 1 5
33774 7 8 1 6
39291 8 9 1 2
16141 9 10 1 3
36830 10 11 1 8
12310 11 12 1 5
30805 12 13 1 5
39992 13 14 1 1
8868 14 15 1 4
17611 15 16 1 8
18672 16 17 1 2
16742 17 18 1 5
38518 18 19 1 2
8023 19 20 1 2
14311 20 21 1 3
33337 21 22 1 3
27793 22 23 1 4
39167 23 24 1 6
24
