24
22901 2263 6559 1330 6344 22335 262 23455 6839 17440 16427 25842 4236 4175 29181 21749 10310 30973 12396 3349 33842 12723 22854 24225 
6 3 3 1 2 2 2 2 1 2 
22901 0 1 1 8
2263 1 2 1 8
6559 2 3 1 1
1330 3 4 1 1
6344 4 5 1 2
22335 5 6 1 5
262 6 7 1 9
23455 7 8 1 6
6839 8 9 1 6
17440 9 10 1 3
16427 10 11 1 1
25842 11 12 1 2
4236 12 13 1 1
4175 13 14 1 5
29181 14 15 1 2
21749 15 16 1 4
10310 16 17 1 7
30973 17 18 1 3
12396 18 19 1 1
3349 19 20 1 7
33842 20 21 1 10
12723 21 22 1 3
22854 22 23 1 1
24225 23 24 1 10
24
