24
1184 9036 1826 5595 14446 9675 699 9520 8317 6685 3584 11501 329 3177 11084 10318 1506 8983 14677 12559 14656 368 10092 7078 
3 3 3 1 2 4 1 2 2 3 
1184 0 1 1 8
9036 1 2 1 6
1826 2 3 1 9
5595 3 4 1 6
14446 4 5 1 1
9675 5 6 1 6
699 6 7 1 3
9520 7 8 1 2
8317 8 9 1 1
6685 9 10 1 8
3584 10 11 1 1
11501 11 12 1 6
329 12 13 1 10
3177 13 14 1 3
11084 14 15 1 5
10318 15 16 1 5
1506 16 17 1 2
8983 17 18 1 4
14677 18 19 1 10
12559 19 20 1 7
14656 20 21 1 10
368 21 22 1 9
10092 22 23 1 2
7078 23 24 1 3
24
