24
4065 2162 4859 21954 9020 12641 23751 20727 18192 13920 1219 30964 24949 29368 27459 24534 1019 8390 33890 32580 2890 16747 22566 23960 
1 2 0 4 2 3 4 2 3 3 
4065 0 1 1 10
2162 1 2 1 7
4859 2 3 1 5
21954 3 4 1 6
9020 4 5 1 4
12641 5 6 1 9
23751 6 7 1 10
20727 7 8 1 10
18192 8 9 1 6
13920 9 10 1 8
1219 10 11 1 9
30964 11 12 1 8
24949 12 13 1 4
29368 13 14 1 4
27459 14 15 1 6
24534 15 16 1 2
1019 16 17 1 1
8390 17 18 1 5
33890 18 19 1 2
32580 19 20 1 7
2890 20 21 1 9
16747 21 22 1 7
22566 22 23 1 7
23960 23 24 1 4
24
