24
22049 42491 36824 21224 36844 24741 41465 40151 43720 12579 12882 6125 5423 22257 33899 44073 50000 31050 48915 17783 1115 46385 7284 5689 
1 1 1 2 2 1 3 0 1 2 3 2 0 4 1 
22049 0 1 1 6
42491 1 2 1 14
36824 2 3 1 11
21224 3 4 1 5
36844 4 5 1 2
24741 5 6 1 12
41465 6 7 1 5
40151 7 8 1 14
43720 8 9 1 1
12579 9 10 1 4
12882 10 11 1 12
6125 11 12 1 10
5423 12 13 1 7
22257 13 14 1 7
33899 14 15 1 7
44073 15 16 1 9
50000 16 17 1 4
31050 17 18 1 11
48915 18 19 1 10
17783 19 20 1 3
1115 20 21 1 11
46385 21 22 1 14
7284 22 23 1 15
5689 23 24 1 14
24
