24
12817 26353 25199 6765 27259 21202 5043 30990 17039 25392 3032 9394 1661 1002 2922 22757 5602 9988 3708 26802 1968 4416 24772 28410 
1 5 2 2 3 2 3 1 3 2 
12817 0 1 1 6
26353 1 2 1 7
25199 2 3 1 2
6765 3 4 1 4
27259 4 5 1 2
21202 5 6 1 1
5043 6 7 1 10
30990 7 8 1 10
17039 8 9 1 7
25392 9 10 1 2
3032 10 11 1 5
9394 11 12 1 9
1661 12 13 1 7
1002 13 14 1 5
2922 14 15 1 4
22757 15 16 1 3
5602 16 17 1 3
9988 17 18 1 8
3708 18 19 1 2
26802 19 20 1 6
1968 20 21 1 2
4416 21 22 1 5
24772 22 23 1 9
28410 23 24 1 9
24
