24
27649 29883 4675 13706 13385 24420 16748 20136 15115 30645 5357 36588 36911 25813 30011 1554 29990 19241 29749 1617 1175 21486 2233 36156 
2 2 6 2 3 1 4 2 1 1 
27649 0 1 1 1
29883 1 2 1 3
4675 2 3 1 10
13706 3 4 1 3
13385 4 5 1 5
24420 5 6 1 7
16748 6 7 1 4
20136 7 8 1 9
15115 8 9 1 7
30645 9 10 1 4
5357 10 11 1 3
36588 11 12 1 2
36911 12 13 1 3
25813 13 14 1 3
30011 14 15 1 5
1554 15 16 1 6
29990 16 17 1 8
19241 17 18 1 8
29749 18 19 1 7
1617 19 20 1 7
1175 20 21 1 2
21486 21 22 1 3
2233 22 23 1 5
36156 23 24 1 1
24
