24
1865 52484 49893 2284 1086 43537 25855 28499 39737 33394 34111 56542 29396 54540 55694 24106 46493 47450 15371 11264 3309 779 3124 46980 
3 1 1 5 4 2 1 0 3 4 
1865 0 1 1 3
52484 1 2 1 5
49893 2 3 1 7
2284 3 4 1 6
1086 4 5 1 9
43537 5 6 1 1
25855 6 7 1 5
28499 7 8 1 9
39737 8 9 1 10
33394 9 10 1 2
34111 10 11 1 5
56542 11 12 1 1
29396 12 13 1 1
54540 13 14 1 4
55694 14 15 1 4
24106 15 16 1 10
46493 16 17 1 10
47450 17 18 1 5
15371 18 19 1 4
11264 19 20 1 9
3309 20 21 1 6
779 21 22 1 10
3124 22 23 1 4
46980 23 24 1 4
24
