24
14662 48117 17192 14178 12390 24997 45566 42702 35870 40471 45323 46502 30314 34431 11250 32498 5367 9444 3465 41871 26812 23879 48220 39638 
4 4 2 3 0 1 8 2 0 
14662 0 1 1 2
48117 1 2 1 1
17192 2 3 1 2
14178 3 4 1 4
12390 4 5 1 7
24997 5 6 1 8
45566 6 7 1 7
42702 7 8 1 7
35870 8 9 1 7
40471 9 10 1 6
45323 10 11 1 7
46502 11 12 1 2
30314 12 13 1 1
34431 13 14 1 3
11250 14 15 1 3
32498 15 16 1 7
5367 16 17 1 4
9444 17 18 1 2
3465 18 19 1 1
41871 19 20 1 1
26812 20 21 1 4
23879 21 22 1 8
48220 22 23 1 7
39638 23 24 1 7
24
