24
19992 6661 13280 31560 24899 37402 20428 35839 45839 4392 7011 25568 4929 49868 47494 983 45029 48161 38449 1142 4834 2134 3204 26778 
1 0 0 0 1 0 1 3 1 1 2 1 1 4 2 0 1 1 0 1 2 0 0 0 0 1 0 0 0 
19992 0 1 1 21
6661 1 2 1 15
13280 2 3 1 17
31560 3 4 1 8
24899 4 5 1 26
37402 5 6 1 14
20428 6 7 1 8
35839 7 8 1 11
45839 8 9 1 14
4392 9 10 1 5
7011 10 11 1 9
25568 11 12 1 12
4929 12 13 1 13
49868 13 14 1 1
47494 14 15 1 15
983 15 16 1 18
45029 16 17 1 20
48161 17 18 1 14
38449 18 19 1 11
1142 19 20 1 10
4834 20 21 1 21
2134 21 22 1 14
3204 22 23 1 8
26778 23 24 1 7
24
