24
18117 16136 3912 1268 4890 15711 586 2390 12426 14785 19220 21581 6385 13858 9023 3654 7166 404 19175 2951 9778 18291 7610 5410 
1 1 5 0 4 5 1 1 3 3 
18117 0 1 1 8
16136 1 2 1 3
3912 2 3 1 6
1268 3 4 1 5
4890 4 5 1 10
15711 5 6 1 3
586 6 7 1 10
2390 7 8 1 6
12426 8 9 1 3
14785 9 10 1 3
19220 10 11 1 2
21581 11 12 1 10
6385 12 13 1 6
13858 13 14 1 9
9023 14 15 1 9
3654 15 16 1 7
7166 16 17 1 6
404 17 18 1 5
19175 18 19 1 1
2951 19 20 1 9
9778 20 21 1 5
18291 21 22 1 5
7610 22 23 1 6
5410 23 24 1 3
24
