24
31103 15757 37524 30168 17646 14466 19380 39202 22346 27318 25772 48503 13620 38096 31720 5663 4550 32126 38970 22706 31553 33697 41200 49531 
1 7 7 2 2 2 2 1 
31103 0 1 1 2
15757 1 2 1 3
37524 2 3 1 1
30168 3 4 1 5
17646 4 5 1 3
14466 5 6 1 4
19380 6 7 1 3
39202 7 8 1 2
22346 8 9 1 2
27318 9 10 1 4
25772 10 11 1 7
48503 11 12 1 8
13620 12 13 1 6
38096 13 14 1 6
31720 14 15 1 2
5663 15 16 1 5
4550 16 17 1 3
32126 17 18 1 2
38970 18 19 1 2
22706 19 20 1 3
31553 20 21 1 3
33697 21 22 1 2
41200 22 23 1 3
49531 23 24 1 7
24
