24
28686 28118 55592 52944 13776 25764 48502 21371 25877 48694 59625 49159 54453 14507 42299 1038 47736 27887 47984 501 41143 38793 42573 21374 
2 2 3 4 2 3 1 3 1 3 
28686 0 1 1 3
28118 1 2 1 2
55592 2 3 1 8
52944 3 4 1 10
13776 4 5 1 3
25764 5 6 1 2
48502 6 7 1 10
21371 7 8 1 9
25877 8 9 1 7
48694 9 10 1 6
59625 10 11 1 8
49159 11 12 1 1
54453 12 13 1 4
14507 13 14 1 8
42299 14 15 1 5
1038 15 16 1 1
47736 16 17 1 6
27887 17 18 1 4
47984 18 19 1 4
501 19 20 1 4
41143 20 21 1 3
38793 21 22 1 5
42573 22 23 1 10
21374 23 24 1 6
24
