24
41980 46716 26483 19776 18873 13074 57695 35474 28828 27437 807 3937 52091 23325 5587 16443 2309 41538 54955 29722 32362 113 24160 26030 
1 4 1 1 4 3 4 2 4 0 
41980 0 1 1 2
46716 1 2 1 5
26483 2 3 1 2
19776 3 4 1 5
18873 4 5 1 1
13074 5 6 1 6
57695 6 7 1 7
35474 7 8 1 2
28828 8 9 1 5
27437 9 10 1 9
807 10 11 1 9
3937 11 12 1 5
52091 12 13 1 7
23325 13 14 1 9
5587 14 15 1 8
16443 15 16 1 4
2309 16 17 1 3
41538 17 18 1 7
54955 18 19 1 9
29722 19 20 1 8
32362 20 21 1 6
113 21 22 1 2
24160 22 23 1 7
26030 23 24 1 6
24
