24
19985 6481 24020 9572 22053 26388 26209 16894 16522 6046 25717 27369 3015 15700 22424 7389 2387 3363 9777 23834 26722 13871 14275 8311 
5 4 2 2 2 3 1 1 4 0 
19985 0 1 1 7
6481 1 2 1 1
24020 2 3 1 1
9572 3 4 1 9
22053 4 5 1 9
26388 5 6 1 8
26209 6 7 1 6
16894 7 8 1 3
16522 8 9 1 2
6046 9 10 1 1
25717 10 11 1 4
27369 11 12 1 2
3015 12 13 1 4
15700 13 14 1 1
22424 14 15 1 5
7389 15 16 1 9
2387 16 17 1 2
3363 17 18 1 6
9777 18 19 1 6
23834 19 20 1 5
26722 20 21 1 2
13871 21 22 1 3
14275 22 23 1 9
8311 23 24 1 1
24
