24
13120 38847 10584 13782 34452 40676 14340 29016 19256 33694 36946 44538 14440 17607 39231 34981 26712 38317 25569 16177 5596 44562 2020 27046 
2 2 0 1 1 0 1 2 1 1 3 0 0 1 1 0 1 2 0 1 4 
13120 0 1 1 11
38847 1 2 1 21
10584 2 3 1 4
13782 3 4 1 2
34452 4 5 1 18
40676 5 6 1 1
14340 6 7 1 1
29016 7 8 1 21
19256 8 9 1 9
33694 9 10 1 17
36946 10 11 1 10
44538 11 12 1 18
14440 12 13 1 5
17607 13 14 1 21
39231 14 15 1 15
34981 15 16 1 8
26712 16 17 1 7
38317 17 18 1 2
25569 18 19 1 8
16177 19 20 1 21
5596 20 21 1 14
44562 21 22 1 11
2020 22 23 1 20
27046 23 24 1 11
24
