24
10869 6432 23645 40943 10328 13795 32047 30346 49473 37199 7185 45606 17260 13120 21468 11134 47922 36912 8761 41276 28728 49459 3278 35069 
1 0 0 0 2 1 2 0 0 0 1 1 0 0 1 1 0 1 2 1 1 1 0 4 1 2 0 1 
10869 0 1 1 6
6432 1 2 1 7
23645 2 3 1 18
40943 3 4 1 21
10328 4 5 1 20
13795 5 6 1 22
32047 6 7 1 5
30346 7 8 1 11
49473 8 9 1 24
37199 9 10 1 28
7185 10 11 1 24
45606 11 12 1 12
17260 12 13 1 26
13120 13 14 1 7
21468 14 15 1 19
11134 15 16 1 26
47922 16 17 1 25
36912 17 18 1 16
8761 18 19 1 24
41276 19 20 1 5
28728 20 21 1 19
49459 21 22 1 1
3278 22 23 1 24
35069 23 24 1 15
24
