24
49396 18060 16757 20352 26906 48726 19907 17585 35404 19564 29834 27217 22276 46809 42886 19853 9018 25239 44159 13562 16767 1230 9314 37829 
1 3 2 1 2 1 1 2 2 3 0 3 2 1 0 
49396 0 1 1 12
18060 1 2 1 2
16757 2 3 1 13
20352 3 4 1 7
26906 4 5 1 10
48726 5 6 1 10
19907 6 7 1 6
17585 7 8 1 9
35404 8 9 1 3
19564 9 10 1 2
29834 10 11 1 12
27217 11 12 1 5
22276 12 13 1 5
46809 13 14 1 8
42886 14 15 1 3
19853 15 16 1 8
9018 16 17 1 10
25239 17 18 1 13
44159 18 19 1 1
13562 19 20 1 12
16767 20 21 1 4
1230 21 22 1 14
9314 22 23 1 2
37829 23 24 1 9
24
