24
20065 43315 16435 48814 241 43004 8450 45637 4060 11382 48496 18974 6193 29572 45314 42743 43831 6780 14573 33865 43979 28088 25117 49997 
1 3 0 1 1 0 1 2 2 1 1 0 1 0 4 1 1 1 1 0 2 
20065 0 1 1 21
43315 1 2 1 1
16435 2 3 1 15
48814 3 4 1 15
241 4 5 1 11
43004 5 6 1 18
8450 6 7 1 2
45637 7 8 1 8
4060 8 9 1 13
11382 9 10 1 19
48496 10 11 1 2
18974 11 12 1 10
6193 12 13 1 9
29572 13 14 1 21
45314 14 15 1 15
42743 15 16 1 15
43831 16 17 1 5
6780 17 18 1 8
14573 18 19 1 9
33865 19 20 1 17
43979 20 21 1 16
28088 21 22 1 2
25117 22 23 1 4
49997 23 24 1 7
24
