24
2815 5483 8652 10284 8159 4472 12507 3266 9753 3746 16295 10989 10256 13707 15924 1177 17646 1788 17696 16382 6451 13597 201 11031 
3 1 4 1 2 3 1 4 1 4 
2815 0 1 1 10
5483 1 2 1 8
8652 2 3 1 3
10284 3 4 1 10
8159 4 5 1 7
4472 5 6 1 6
12507 6 7 1 8
3266 7 8 1 8
9753 8 9 1 1
3746 9 10 1 3
16295 10 11 1 3
10989 11 12 1 1
10256 12 13 1 5
13707 13 14 1 10
15924 14 15 1 6
1177 15 16 1 4
17646 16 17 1 6
1788 17 18 1 8
17696 18 19 1 2
16382 19 20 1 10
6451 20 21 1 9
13597 21 22 1 3
201 22 23 1 5
11031 23 24 1 1
24
