24
6258 2063 12153 8982 12317 8074 13793 15204 13271 1003 573 17903 375 3013 10896 6133 13086 13296 3255 10757 13082 16875 11364 17947 
4 1 2 2 2 3 2 1 3 4 
6258 0 1 1 4
2063 1 2 1 10
12153 2 3 1 8
8982 3 4 1 9
12317 4 5 1 7
8074 5 6 1 6
13793 6 7 1 3
15204 7 8 1 2
13271 8 9 1 6
1003 9 10 1 1
573 10 11 1 6
17903 11 12 1 1
375 12 13 1 9
3013 13 14 1 5
10896 14 15 1 1
6133 15 16 1 4
13086 16 17 1 5
13296 17 18 1 10
3255 18 19 1 10
10757 19 20 1 7
13082 20 21 1 10
16875 21 22 1 9
11364 22 23 1 3
17947 23 24 1 1
24
