24
21167 22118 6047 7870 25646 21572 45278 23052 45370 47119 22511 2175 27359 9781 40503 21347 12054 36896 31538 7417 22391 48814 22287 5729 
6 1 5 3 2 3 4 
21167 0 1 1 4
22118 1 2 1 1
6047 2 3 1 1
7870 3 4 1 1
25646 4 5 1 6
21572 5 6 1 3
45278 6 7 1 4
23052 7 8 1 1
45370 8 9 1 3
47119 9 10 1 6
22511 10 11 1 6
2175 11 12 1 7
27359 12 13 1 1
9781 13 14 1 5
40503 14 15 1 2
21347 15 16 1 1
12054 16 17 1 7
36896 17 18 1 4
31538 18 19 1 3
7417 19 20 1 3
22391 20 21 1 5
48814 21 22 1 3
22287 22 23 1 7
5729 23 24 1 7
24
