24
15630 13166 4625 23908 12362 26372 10381 13965 31 27708 26021 3022 15787 16017 3206 6055 22946 10913 14820 23022 21183 11726 17279 3771 
4 1 3 3 2 2 2 3 2 2 
15630 0 1 1 3
13166 1 2 1 6
4625 2 3 1 2
23908 3 4 1 5
12362 4 5 1 1
26372 5 6 1 10
10381 6 7 1 6
13965 7 8 1 3
31 8 9 1 4
27708 9 10 1 3
26021 10 11 1 5
3022 11 12 1 8
15787 12 13 1 7
16017 13 14 1 7
3206 14 15 1 1
6055 15 16 1 9
22946 16 17 1 9
10913 17 18 1 4
14820 18 19 1 8
23022 19 20 1 1
21183 20 21 1 8
11726 21 22 1 10
17279 22 23 1 4
3771 23 24 1 1
24
