24
2501 48289 45430 8930 31286 16090 14186 39974 32775 31450 25529 39106 3331 35286 5332 41131 18200 23079 49945 16051 12350 38482 4854 1519 
3 1 0 0 3 1 1 1 4 4 0 0 1 2 2 1 
2501 0 1 1 9
48289 1 2 1 1
45430 2 3 1 15
8930 3 4 1 5
31286 4 5 1 7
16090 5 6 1 10
14186 6 7 1 9
39974 7 8 1 15
32775 8 9 1 1
31450 9 10 1 8
25529 10 11 1 5
39106 11 12 1 1
3331 12 13 1 5
35286 13 14 1 14
5332 14 15 1 14
41131 15 16 1 6
18200 16 17 1 10
23079 17 18 1 9
49945 18 19 1 16
16051 19 20 1 13
12350 20 21 1 2
38482 21 22 1 10
4854 22 23 1 9
1519 23 24 1 10
24
