24
14300 19404 2012 17343 3930 39276 3476 48625 29943 51245 25536 50191 54781 16091 17532 28938 33109 53655 34986 16461 31254 6427 22039 53398 
3 2 1 2 3 1 3 5 1 3 
14300 0 1 1 5
19404 1 2 1 5
2012 2 3 1 4
17343 3 4 1 2
3930 4 5 1 7
39276 5 6 1 10
3476 6 7 1 4
48625 7 8 1 8
29943 8 9 1 6
51245 9 10 1 8
25536 10 11 1 7
50191 11 12 1 3
54781 12 13 1 10
16091 13 14 1 1
17532 14 15 1 7
28938 15 16 1 9
33109 16 17 1 5
53655 17 18 1 1
34986 18 19 1 8
16461 19 20 1 10
31254 20 21 1 8
6427 21 22 1 1
22039 22 23 1 8
53398 23 24 1 2
24
