24
11764 3675 21377 31729 12970 37998 2588 30797 41400 32182 26582 20974 37746 23358 20119 32504 30251 33694 12654 4904 27653 13486 15792 16177 
2 2 5 3 1 1 1 5 2 2 
11764 0 1 1 4
3675 1 2 1 3
21377 2 3 1 8
31729 3 4 1 6
12970 4 5 1 2
37998 5 6 1 1
2588 6 7 1 4
30797 7 8 1 3
41400 8 9 1 5
32182 9 10 1 7
26582 10 11 1 4
20974 11 12 1 8
37746 12 13 1 3
23358 13 14 1 10
20119 14 15 1 2
32504 15 16 1 9
30251 16 17 1 8
33694 17 18 1 8
12654 18 19 1 10
4904 19 20 1 9
27653 20 21 1 3
13486 21 22 1 3
15792 22 23 1 1
16177 23 24 1 8
24
