24
2892 15960 13420 14480 28707 18502 10279 17396 16652 1017 29506 15391 16848 25232 6380 19278 30000 7987 27583 10147 27269 9897 17161 21283 
1 4 1 4 2 3 0 3 0 6 
2892 0 1 1 1
15960 1 2 1 4
13420 2 3 1 5
14480 3 4 1 2
28707 4 5 1 10
18502 5 6 1 6
10279 6 7 1 10
17396 7 8 1 4
16652 8 9 1 8
1017 9 10 1 8
29506 10 11 1 10
15391 11 12 1 10
16848 12 13 1 4
25232 13 14 1 2
6380 14 15 1 4
19278 15 16 1 5
30000 16 17 1 10
7987 17 18 1 10
27583 18 19 1 6
10147 19 20 1 2
27269 20 21 1 6
9897 21 22 1 2
17161 22 23 1 8
21283 23 24 1 3
24
