24
25110 23324 5020 11996 15110 4255 6888 11903 25041 10519 15441 20835 7149 23845 25420 3096 21298 8559 4511 15951 2309 10084 19879 6333 
2 2 0 2 3 5 1 5 2 2 
25110 0 1 1 9
23324 1 2 1 5
5020 2 3 1 8
11996 3 4 1 5
15110 4 5 1 1
4255 5 6 1 6
6888 6 7 1 4
11903 7 8 1 8
25041 8 9 1 9
10519 9 10 1 6
15441 10 11 1 4
20835 11 12 1 2
7149 12 13 1 8
23845 13 14 1 10
25420 14 15 1 6
3096 15 16 1 8
21298 16 17 1 1
8559 17 18 1 2
4511 18 19 1 6
15951 19 20 1 7
2309 20 21 1 6
10084 21 22 1 8
19879 22 23 1 5
6333 23 24 1 10
24
