24
12367 7183 24958 21376 10243 48526 40628 6377 11230 48474 23114 8779 17179 39340 20702 7467 106 42697 46793 40755 3959 4008 2196 1870 
1 0 3 1 1 2 2 1 4 2 0 0 1 1 0 1 2 0 2 0 
12367 0 1 1 19
7183 1 2 1 17
24958 2 3 1 7
21376 3 4 1 3
10243 4 5 1 8
48526 5 6 1 10
40628 6 7 1 10
6377 7 8 1 5
11230 8 9 1 19
48474 9 10 1 1
23114 10 11 1 3
8779 11 12 1 9
17179 12 13 1 4
39340 13 14 1 9
20702 14 15 1 9
7467 15 16 1 14
106 16 17 1 6
42697 17 18 1 13
46793 18 19 1 7
40755 19 20 1 3
3959 20 21 1 9
4008 21 22 1 6
2196 22 23 1 17
1870 23 24 1 16
24
