24
34540 27913 26667 42264 29214 16305 13816 24454 18013 43415 30270 10383 49965 31242 31236 19855 19576 11994 29649 22607 26178 37338 50000 5252 
1 0 0 2 2 1 2 6 1 2 1 2 0 4 
34540 0 1 1 7
27913 1 2 1 10
26667 2 3 1 1
42264 3 4 1 8
29214 4 5 1 4
16305 5 6 1 8
13816 6 7 1 9
24454 7 8 1 14
18013 8 9 1 14
43415 9 10 1 8
30270 10 11 1 14
10383 11 12 1 4
49965 12 13 1 11
31242 13 14 1 8
31236 14 15 1 14
19855 15 16 1 10
19576 16 17 1 5
11994 17 18 1 8
29649 18 19 1 8
22607 19 20 1 12
26178 20 21 1 7
37338 21 22 1 5
50000 22 23 1 6
5252 23 24 1 12
24
