24
880 1928 5903 11584 26737 7779 23580 24564 27504 6511 13751 7428 17570 10553 2867 26720 4224 15667 1593 1308 24871 25822 2874 2858 
1 3 4 1 1 4 4 3 2 1 
880 0 1 1 8
1928 1 2 1 7
5903 2 3 1 7
11584 3 4 1 3
26737 4 5 1 3
7779 5 6 1 7
23580 6 7 1 7
24564 7 8 1 2
27504 8 9 1 2
6511 9 10 1 8
13751 10 11 1 4
7428 11 12 1 5
17570 12 13 1 3
10553 13 14 1 1
2867 14 15 1 6
26720 15 16 1 8
4224 16 17 1 3
15667 17 18 1 6
1593 18 19 1 9
1308 19 20 1 6
24871 20 21 1 9
25822 21 22 1 6
2874 22 23 1 10
2858 23 24 1 2
24
