24
27084 16349 40483 16358 38531 26520 35104 20878 19116 37394 24568 49906 31115 46274 52569 20181 10902 18764 27667 1827 46151 49332 24871 6614 
2 1 3 3 3 3 2 1 2 4 
27084 0 1 1 10
16349 1 2 1 6
40483 2 3 1 8
16358 3 4 1 5
38531 4 5 1 3
26520 5 6 1 4
35104 6 7 1 5
20878 7 8 1 1
19116 8 9 1 3
37394 9 10 1 7
24568 10 11 1 2
49906 11 12 1 5
31115 12 13 1 1
46274 13 14 1 4
52569 14 15 1 6
20181 15 16 1 9
10902 16 17 1 10
18764 17 18 1 10
27667 18 19 1 6
1827 19 20 1 3
46151 20 21 1 9
49332 21 22 1 10
24871 22 23 1 4
6614 23 24 1 7
24
