24
4893 9917 1899 4736 15690 846 8986 17370 1493 15305 9156 16140 3848 17766 12905 15681 15648 14705 1715 4756 13926 10611 7445 2997 
4 1 1 2 3 3 3 1 3 3 
4893 0 1 1 1
9917 1 2 1 7
1899 2 3 1 1
4736 3 4 1 7
15690 4 5 1 7
846 5 6 1 9
8986 6 7 1 9
17370 7 8 1 10
1493 8 9 1 6
15305 9 10 1 1
9156 10 11 1 5
16140 11 12 1 1
3848 12 13 1 10
17766 13 14 1 4
12905 14 15 1 6
15681 15 16 1 6
15648 16 17 1 5
14705 17 18 1 2
1715 18 19 1 9
4756 19 20 1 8
13926 20 21 1 3
10611 21 22 1 4
7445 22 23 1 5
2997 23 24 1 10
24
