24
28239 20483 4979 46988 31826 48947 49345 41782 47486 35894 45515 30128 1497 37903 30308 13264 677 47493 9476 7143 37640 5989 28555 366 
3 0 0 0 1 1 2 1 1 0 1 1 1 1 0 2 0 0 0 3 1 1 0 0 1 1 2 
28239 0 1 1 11
20483 1 2 1 16
4979 2 3 1 1
46988 3 4 1 1
31826 4 5 1 21
48947 5 6 1 9
49345 6 7 1 26
41782 7 8 1 1
47486 8 9 1 12
35894 9 10 1 16
45515 10 11 1 13
30128 11 12 1 8
1497 12 13 1 20
37903 13 14 1 27
30308 14 15 1 5
13264 15 16 1 14
677 16 17 1 20
47493 17 18 1 7
9476 18 19 1 7
7143 19 20 1 6
37640 20 21 1 20
5989 21 22 1 25
28555 22 23 1 22
366 23 24 1 27
24
