24
15308 40629 38452 12665 26816 45543 49468 47467 2656 14085 30059 11096 49430 17408 474 42972 14482 37041 13940 13063 42886 20673 24664 42497 
4 2 4 1 3 2 4 2 1 1 
15308 0 1 1 7
40629 1 2 1 8
38452 2 3 1 1
12665 3 4 1 5
26816 4 5 1 1
45543 5 6 1 3
49468 6 7 1 3
47467 7 8 1 6
2656 8 9 1 8
14085 9 10 1 5
30059 10 11 1 7
11096 11 12 1 3
49430 12 13 1 1
17408 13 14 1 7
474 14 15 1 4
42972 15 16 1 1
14482 16 17 1 6
37041 17 18 1 2
13940 18 19 1 10
13063 19 20 1 3
42886 20 21 1 2
20673 21 22 1 7
24664 22 23 1 9
42497 23 24 1 5
24
