24
29588 14230 11993 9603 39386 29112 3815 43301 54700 22025 26791 35597 10998 41784 26559 39002 15725 46229 44000 25286 6034 10551 52912 43053 
1 2 2 5 3 0 2 5 2 2 
29588 0 1 1 5
14230 1 2 1 3
11993 2 3 1 1
9603 3 4 1 8
39386 4 5 1 8
29112 5 6 1 4
3815 6 7 1 2
43301 7 8 1 7
54700 8 9 1 5
22025 9 10 1 2
26791 10 11 1 4
35597 11 12 1 9
10998 12 13 1 4
41784 13 14 1 8
26559 14 15 1 10
39002 15 16 1 8
15725 16 17 1 8
46229 17 18 1 3
44000 18 19 1 4
25286 19 20 1 5
6034 20 21 1 4
10551 21 22 1 10
52912 22 23 1 9
43053 23 24 1 7
24
