24
20366 29312 39246 31947 30707 32157 4723 26759 8521 19301 30894 47219 23146 31881 1458 5881 43452 24583 47265 41244 48670 44723 24634 36319 
0 2 1 0 0 2 2 0 0 0 1 0 2 2 1 0 1 1 1 1 2 3 0 0 0 0 2 
20366 0 1 1 20
29312 1 2 1 27
39246 2 3 1 14
31947 3 4 1 18
30707 4 5 1 2
32157 5 6 1 22
4723 6 7 1 17
26759 7 8 1 7
8521 8 9 1 21
19301 9 10 1 14
30894 10 11 1 13
47219 11 12 1 15
23146 12 13 1 27
31881 13 14 1 3
1458 14 15 1 22
5881 15 16 1 6
43452 16 17 1 13
24583 17 18 1 22
47265 18 19 1 19
41244 19 20 1 2
48670 20 21 1 11
44723 21 22 1 7
24634 22 23 1 21
36319 23 24 1 6
24
