24
28792 36883 14229 27084 12878 41404 34873 50590 33475 26309 46581 33165 27155 31015 51965 37212 48427 20292 4227 49539 11455 30034 5731 24120 
2 4 1 4 1 1 2 4 4 1 
28792 0 1 1 7
36883 1 2 1 8
14229 2 3 1 1
27084 3 4 1 4
12878 4 5 1 2
41404 5 6 1 3
34873 6 7 1 2
50590 7 8 1 6
33475 8 9 1 5
26309 9 10 1 10
46581 10 11 1 8
33165 11 12 1 4
27155 12 13 1 9
31015 13 14 1 8
51965 14 15 1 1
37212 15 16 1 9
48427 16 17 1 2
20292 17 18 1 9
4227 18 19 1 2
49539 19 20 1 4
11455 20 21 1 7
30034 21 22 1 9
5731 22 23 1 4
24120 23 24 1 8
24
