24
41045 23250 40491 814 18831 5696 31677 35444 20891 3273 57050 29603 44626 8169 37845 47353 42726 56659 45498 54915 53401 31956 53831 21278 
1 2 5 2 3 3 4 2 2 0 
41045 0 1 1 4
23250 1 2 1 2
40491 2 3 1 7
814 3 4 1 3
18831 4 5 1 4
5696 5 6 1 6
31677 6 7 1 5
35444 7 8 1 6
20891 8 9 1 1
3273 9 10 1 2
57050 10 11 1 6
29603 11 12 1 9
44626 12 13 1 8
8169 13 14 1 5
37845 14 15 1 5
47353 15 16 1 3
42726 16 17 1 8
56659 17 18 1 3
45498 18 19 1 9
54915 19 20 1 7
53401 20 21 1 7
31956 21 22 1 3
53831 22 23 1 3
21278 23 24 1 7
24
