24
13886 13734 9411 5467 8214 178 11530 4992 167 3824 643 7402 786 14704 19408 13938 1015 3924 17591 20795 21555 19327 17934 1636 
1 4 2 3 1 4 1 1 4 3 
13886 0 1 1 6
13734 1 2 1 5
9411 2 3 1 9
5467 3 4 1 9
8214 4 5 1 7
178 5 6 1 4
11530 6 7 1 4
4992 7 8 1 2
167 8 9 1 8
3824 9 10 1 3
643 10 11 1 2
7402 11 12 1 6
786 12 13 1 2
14704 13 14 1 1
19408 14 15 1 6
13938 15 16 1 9
1015 16 17 1 6
3924 17 18 1 10
17591 18 19 1 10
20795 19 20 1 10
21555 20 21 1 2
19327 21 22 1 4
17934 22 23 1 9
1636 23 24 1 3
24
