24
36998 33618 30648 43463 9122 11494 18393 3250 22054 31626 30057 9823 47016 47367 10512 123 15414 44742 9029 10047 68 5201 26185 49082 
3 2 1 3 1 4 0 2 3 2 3 
36998 0 1 1 11
33618 1 2 1 8
30648 2 3 1 4
43463 3 4 1 1
9122 4 5 1 6
11494 5 6 1 3
18393 6 7 1 10
3250 7 8 1 9
22054 8 9 1 10
31626 9 10 1 8
30057 10 11 1 6
9823 11 12 1 9
47016 12 13 1 11
47367 13 14 1 5
10512 14 15 1 1
123 15 16 1 9
15414 16 17 1 6
44742 17 18 1 4
9029 18 19 1 2
10047 19 20 1 4
68 20 21 1 6
5201 21 22 1 2
26185 22 23 1 11
49082 23 24 1 1
24
