24
29427 3912 38375 17678 10133 31143 46064 1160 39814 43967 22550 8613 27404 12934 3979 19317 12274 27716 38536 28159 3538 10028 8913 17369 
4 3 2 6 1 2 4 2 
29427 0 1 1 3
3912 1 2 1 2
38375 2 3 1 1
17678 3 4 1 6
10133 4 5 1 4
31143 5 6 1 7
46064 6 7 1 2
1160 7 8 1 3
39814 8 9 1 7
43967 9 10 1 5
22550 10 11 1 2
8613 11 12 1 4
27404 12 13 1 1
12934 13 14 1 7
3979 14 15 1 1
19317 15 16 1 7
12274 16 17 1 4
27716 17 18 1 6
38536 18 19 1 4
28159 19 20 1 4
3538 20 21 1 1
10028 21 22 1 8
8913 22 23 1 8
17369 23 24 1 4
24
