24
38556 34523 13181 8952 7974 34140 90 22967 25363 18599 24000 992 17790 28751 10517 846 3795 35256 41453 33959 27992 18170 6405 33093 
2 3 2 2 1 1 2 2 4 5 
38556 0 1 1 10
34523 1 2 1 9
13181 2 3 1 3
8952 3 4 1 2
7974 4 5 1 2
34140 5 6 1 6
90 6 7 1 3
22967 7 8 1 7
25363 8 9 1 10
18599 9 10 1 10
24000 10 11 1 10
992 11 12 1 5
17790 12 13 1 9
28751 13 14 1 1
10517 14 15 1 8
846 15 16 1 7
3795 16 17 1 2
35256 17 18 1 4
41453 18 19 1 9
33959 19 20 1 8
27992 20 21 1 4
18170 21 22 1 9
6405 22 23 1 1
33093 23 24 1 10
24
