24
9064 4639 15850 11994 17820 5173 18694 7598 11687 8494 1648 7603 743 13767 3243 14146 20494 11810 1905 1887 20195 19311 18450 11954 
1 4 3 1 2 3 2 6 1 1 
9064 0 1 1 9
4639 1 2 1 8
15850 2 3 1 7
11994 3 4 1 10
17820 4 5 1 1
5173 5 6 1 2
18694 6 7 1 7
7598 7 8 1 6
11687 8 9 1 5
8494 9 10 1 5
1648 10 11 1 3
7603 11 12 1 3
743 12 13 1 2
13767 13 14 1 4
3243 14 15 1 8
14146 15 16 1 6
20494 16 17 1 2
11810 17 18 1 8
1905 18 19 1 8
1887 19 20 1 6
20195 20 21 1 8
19311 21 22 1 8
18450 22 23 1 3
11954 23 24 1 2
24
