24
21193 19956 3365 1974 1796 5129 6338 9412 15343 18322 11652 3049 931 21530 6413 15228 10370 20278 21799 9604 20162 3150 4744 16583 
1 2 2 5 3 2 1 3 3 2 
21193 0 1 1 4
19956 1 2 1 7
3365 2 3 1 1
1974 3 4 1 2
1796 4 5 1 5
5129 5 6 1 10
6338 6 7 1 2
9412 7 8 1 4
15343 8 9 1 9
18322 9 10 1 4
11652 10 11 1 9
3049 11 12 1 6
931 12 13 1 8
21530 13 14 1 3
6413 14 15 1 5
15228 15 16 1 9
10370 16 17 1 4
20278 17 18 1 10
21799 18 19 1 8
9604 19 20 1 6
20162 20 21 1 3
3150 21 22 1 8
4744 22 23 1 4
16583 23 24 1 5
24
