24
13494 10859 50646 18750 46373 22892 16190 5636 41622 35926 41222 36529 27858 1929 4446 12887 3 50537 41348 24316 13910 31574 50424 47073 
2 1 4 3 1 2 2 3 3 3 
13494 0 1 1 4
10859 1 2 1 4
50646 2 3 1 3
18750 3 4 1 4
46373 4 5 1 1
22892 5 6 1 2
16190 6 7 1 7
5636 7 8 1 7
41622 8 9 1 9
35926 9 10 1 6
41222 10 11 1 5
36529 11 12 1 8
27858 12 13 1 8
1929 13 14 1 9
4446 14 15 1 8
12887 15 16 1 3
3 16 17 1 3
50537 17 18 1 9
41348 18 19 1 10
24316 19 20 1 1
13910 20 21 1 6
31574 21 22 1 10
50424 22 23 1 3
47073 23 24 1 10
24
