24
6773 2515 7997 3204 3852 5394 9666 5559 6815 10532 6089 5368 13645 797 4193 14726 4904 11701 8978 14580 9053 14341 15280 15951 
1 5 6 2 2 1 2 3 1 1 
6773 0 1 1 2
2515 1 2 1 10
7997 2 3 1 3
3204 3 4 1 4
3852 4 5 1 7
5394 5 6 1 2
9666 6 7 1 9
5559 7 8 1 2
6815 8 9 1 6
10532 9 10 1 8
6089 10 11 1 5
5368 11 12 1 1
13645 12 13 1 2
797 13 14 1 3
4193 14 15 1 2
14726 15 16 1 3
4904 16 17 1 4
11701 17 18 1 5
8978 18 19 1 3
14580 19 20 1 7
9053 20 21 1 8
14341 21 22 1 8
15280 22 23 1 3
15951 23 24 1 3
24
