24
18368 12286 4606 15140 5944 5993 14466 6746 13353 7474 8091 15341 7603 4079 2595 5830 2000 4290 11830 865 16479 17898 2826 364 
1 2 4 2 2 1 2 3 2 5 
18368 0 1 1 4
12286 1 2 1 10
4606 2 3 1 1
15140 3 4 1 3
5944 4 5 1 9
5993 5 6 1 7
14466 6 7 1 3
6746 7 8 1 8
13353 8 9 1 3
7474 9 10 1 9
8091 10 11 1 10
15341 11 12 1 8
7603 12 13 1 10
4079 13 14 1 6
2595 14 15 1 7
5830 15 16 1 3
2000 16 17 1 8
4290 17 18 1 10
11830 18 19 1 10
865 19 20 1 4
16479 20 21 1 2
17898 21 22 1 2
2826 22 23 1 5
364 23 24 1 5
24
