24
49520 45138 10363 47846 1126 14864 24693 47799 17416 49060 10507 2264 39253 27719 37132 8895 43301 48800 47204 48070 24564 5622 32669 17654 
0 0 4 1 1 1 2 1 1 0 0 0 2 0 0 2 3 0 2 2 2 
49520 0 1 1 5
45138 1 2 1 7
10363 2 3 1 16
47846 3 4 1 6
1126 4 5 1 20
14864 5 6 1 3
24693 6 7 1 19
47799 7 8 1 17
17416 8 9 1 16
49060 9 10 1 13
10507 10 11 1 13
2264 11 12 1 21
39253 12 13 1 21
27719 13 14 1 17
37132 14 15 1 3
8895 15 16 1 20
43301 16 17 1 3
48800 17 18 1 9
47204 18 19 1 8
48070 19 20 1 19
24564 20 21 1 7
5622 21 22 1 3
32669 22 23 1 17
17654 23 24 1 4
24
