24
5765 23877 8114 26086 17782 18971 23955 23526 3139 12231 18918 15755 23824 19893 14286 13368 1791 23993 5139 12408 5333 9489 27990 8535 
2 4 1 1 0 3 3 3 1 6 
5765 0 1 1 3
23877 1 2 1 6
8114 2 3 1 10
26086 3 4 1 2
17782 4 5 1 10
18971 5 6 1 7
23955 6 7 1 9
23526 7 8 1 10
3139 8 9 1 6
12231 9 10 1 6
18918 10 11 1 2
15755 11 12 1 10
23824 12 13 1 1
19893 13 14 1 2
14286 14 15 1 7
13368 15 16 1 8
1791 16 17 1 1
23993 17 18 1 7
5139 18 19 1 4
12408 19 20 1 10
5333 20 21 1 2
9489 21 22 1 10
27990 22 23 1 8
8535 23 24 1 8
24
