24
10339 24471 4717 1613 25579 1284 7708 9888 13667 6080 4511 4896 18302 16511 8953 4520 18332 18937 10261 11580 22606 25119 1706 22586 
1 2 4 2 2 1 5 2 2 3 
10339 0 1 1 1
24471 1 2 1 9
4717 2 3 1 3
1613 3 4 1 5
25579 4 5 1 9
1284 5 6 1 2
7708 6 7 1 6
9888 7 8 1 8
13667 8 9 1 7
6080 9 10 1 10
4511 10 11 1 4
4896 11 12 1 10
18302 12 13 1 2
16511 13 14 1 4
8953 14 15 1 3
4520 15 16 1 3
18332 16 17 1 5
18937 17 18 1 7
10261 18 19 1 7
11580 19 20 1 10
22606 20 21 1 8
25119 21 22 1 7
1706 22 23 1 3
22586 23 24 1 7
24
