24
17564 19361 44241 187 38806 23677 42085 8958 2478 40899 34799 35888 34499 3540 5084 42274 39937 9434 35094 4990 47054 20704 28187 174 
3 3 1 4 2 0 0 2 0 3 0 1 1 0 3 1 0 0 
17564 0 1 1 1
19361 1 2 1 4
44241 2 3 1 10
187 3 4 1 12
38806 4 5 1 5
23677 5 6 1 10
42085 6 7 1 16
8958 7 8 1 2
2478 8 9 1 8
40899 9 10 1 4
34799 10 11 1 1
35888 11 12 1 1
34499 12 13 1 8
3540 13 14 1 15
5084 14 15 1 15
42274 15 16 1 10
39937 16 17 1 2
9434 17 18 1 2
35094 18 19 1 4
4990 19 20 1 5
47054 20 21 1 4
20704 21 22 1 3
28187 22 23 1 15
174 23 24 1 13
24
