24
11846 13068 5062 12781 17066 19904 8840 15931 11223 10795 14 20596 14694 25688 8914 24136 25755 13550 5770 1354 23956 25943 1525 13901 
2 2 4 1 5 2 3 2 2 1 
11846 0 1 1 7
13068 1 2 1 8
5062 2 3 1 6
12781 3 4 1 3
17066 4 5 1 8
19904 5 6 1 2
8840 6 7 1 4
15931 7 8 1 9
11223 8 9 1 1
10795 9 10 1 9
14 10 11 1 5
20596 11 12 1 5
14694 12 13 1 5
25688 13 14 1 5
8914 14 15 1 6
24136 15 16 1 7
25755 16 17 1 3
13550 17 18 1 7
5770 18 19 1 3
1354 19 20 1 2
23956 20 21 1 1
25943 21 22 1 3
1525 22 23 1 10
13901 23 24 1 5
24
