24
34271 51193 7222 33697 33797 13322 15870 28458 29701 48948 32204 35869 28849 30024 41498 11109 18006 48331 34088 31647 51903 26044 15673 39752 
1 5 1 6 2 2 3 1 2 1 
34271 0 1 1 2
51193 1 2 1 2
7222 2 3 1 5
33697 3 4 1 6
33797 4 5 1 2
13322 5 6 1 6
15870 6 7 1 8
28458 7 8 1 4
29701 8 9 1 5
48948 9 10 1 4
32204 10 11 1 2
35869 11 12 1 7
28849 12 13 1 4
30024 13 14 1 2
41498 14 15 1 9
11109 15 16 1 1
18006 16 17 1 10
48331 17 18 1 7
34088 18 19 1 3
31647 19 20 1 7
51903 20 21 1 9
26044 21 22 1 4
15673 22 23 1 4
39752 23 24 1 4
24
