24
26222 14068 22371 6886 8949 24479 35965 17910 16696 41702 5742 25369 39924 37925 5538 38251 365 31906 33666 39891 17478 14368 7754 41938 
1 1 4 4 2 0 5 5 1 1 
26222 0 1 1 8
14068 1 2 1 5
22371 2 3 1 10
6886 3 4 1 4
8949 4 5 1 7
24479 5 6 1 1
35965 6 7 1 8
17910 7 8 1 7
16696 8 9 1 8
41702 9 10 1 7
5742 10 11 1 8
25369 11 12 1 9
39924 12 13 1 3
37925 13 14 1 8
5538 14 15 1 4
38251 15 16 1 3
365 16 17 1 2
31906 17 18 1 7
33666 18 19 1 4
39891 19 20 1 4
17478 20 21 1 7
14368 21 22 1 3
7754 22 23 1 5
41938 23 24 1 3
24
