24
35751 21900 22131 47482 9752 39872 31437 10209 27010 7702 12953 20422 29494 5049 42266 40633 31410 15660 7817 34261 42710 21387 39503 1008 
2 2 1 4 0 4 2 1 1 1 4 1 1 
35751 0 1 1 8
21900 1 2 1 13
22131 2 3 1 3
47482 3 4 1 2
9752 4 5 1 7
39872 5 6 1 4
31437 6 7 1 1
10209 7 8 1 9
27010 8 9 1 11
7702 9 10 1 11
12953 10 11 1 6
20422 11 12 1 7
29494 12 13 1 4
5049 13 14 1 2
42266 14 15 1 6
40633 15 16 1 4
31410 16 17 1 11
15660 17 18 1 4
7817 18 19 1 12
34261 19 20 1 11
42710 20 21 1 6
21387 21 22 1 1
39503 22 23 1 10
1008 23 24 1 6
24
