24
4620 36880 32145 29488 34709 20204 16304 15724 21615 12101 21012 9088 5490 24481 39214 2365 41935 346 33282 8976 41542 11039 24953 18084 
1 2 2 2 3 1 8 3 2 0 
4620 0 1 1 4
36880 1 2 1 7
32145 2 3 1 2
29488 3 4 1 7
34709 4 5 1 5
20204 5 6 1 7
16304 6 7 1 2
15724 7 8 1 3
21615 8 9 1 7
12101 9 10 1 4
21012 10 11 1 7
9088 11 12 1 5
5490 12 13 1 8
24481 13 14 1 1
39214 14 15 1 6
2365 15 16 1 8
41935 16 17 1 8
346 17 18 1 3
33282 18 19 1 5
8976 19 20 1 9
41542 20 21 1 9
11039 21 22 1 7
24953 22 23 1 7
18084 23 24 1 7
24
