24
9198 6587 24098 1778 13217 22099 11824 10687 2986 438 15800 20951 5375 3810 1099 17440 2242 20321 3497 21797 9950 7098 16693 19848 
4 2 2 2 1 4 4 3 1 1 
9198 0 1 1 10
6587 1 2 1 5
24098 2 3 1 9
1778 3 4 1 4
13217 4 5 1 7
22099 5 6 1 2
11824 6 7 1 1
10687 7 8 1 8
2986 8 9 1 6
438 9 10 1 8
15800 10 11 1 4
20951 11 12 1 6
5375 12 13 1 8
3810 13 14 1 7
1099 14 15 1 2
17440 15 16 1 6
2242 16 17 1 3
20321 17 18 1 1
3497 18 19 1 6
21797 19 20 1 7
9950 20 21 1 3
7098 21 22 1 1
16693 22 23 1 7
19848 23 24 1 1
24
