24
34166 3424 45057 19638 23349 31140 19695 18864 37157 28089 33158 48523 8432 18520 6116 33407 17517 48863 38562 13707 47977 6147 8942 35801 
1 3 2 3 3 4 1 2 2 3 
34166 0 1 1 2
3424 1 2 1 4
45057 2 3 1 3
19638 3 4 1 6
23349 4 5 1 5
31140 5 6 1 6
19695 6 7 1 8
18864 7 8 1 9
37157 8 9 1 9
28089 9 10 1 1
33158 10 11 1 6
48523 11 12 1 2
8432 12 13 1 8
18520 13 14 1 6
6116 14 15 1 4
33407 15 16 1 5
17517 16 17 1 2
48863 17 18 1 10
38562 18 19 1 4
13707 19 20 1 10
47977 20 21 1 3
6147 21 22 1 10
8942 22 23 1 7
35801 23 24 1 5
24
