24
12825 3067 4173 3051 281 13483 6888 11607 9436 13032 14404 12243 3097 11543 14335 11039 72 9839 701 6814 15903 2561 5951 11342 
4 3 0 1 3 3 4 1 3 2 
12825 0 1 1 1
3067 1 2 1 2
4173 2 3 1 10
3051 3 4 1 10
281 4 5 1 2
13483 5 6 1 5
6888 6 7 1 7
11607 7 8 1 6
9436 8 9 1 1
13032 9 10 1 5
14404 10 11 1 1
12243 11 12 1 7
3097 12 13 1 6
11543 13 14 1 4
14335 14 15 1 2
11039 15 16 1 9
72 16 17 1 6
9839 17 18 1 7
701 18 19 1 9
6814 19 20 1 1
15903 20 21 1 9
2561 21 22 1 8
5951 22 23 1 5
11342 23 24 1 7
24
