24
36607 46561 6662 49369 11474 14577 14864 6000 35485 24846 43495 10964 44070 17683 35997 18885 49331 17182 26093 11053 44102 49533 23032 17335 
1 0 0 0 0 1 4 2 1 0 2 2 3 1 2 3 0 2 0 0 
36607 0 1 1 16
46561 1 2 1 18
6662 2 3 1 15
49369 3 4 1 8
11474 4 5 1 14
14577 5 6 1 7
14864 6 7 1 11
6000 7 8 1 7
35485 8 9 1 1
24846 9 10 1 13
43495 10 11 1 11
10964 11 12 1 8
44070 12 13 1 18
17683 13 14 1 7
35997 14 15 1 9
18885 15 16 1 15
49331 16 17 1 12
17182 17 18 1 12
26093 18 19 1 16
11053 19 20 1 6
44102 20 21 1 13
49533 21 22 1 16
23032 22 23 1 13
17335 23 24 1 7
24
