24
3422 10594 43578 10273 44033 39211 26306 25684 29320 28749 21919 7194 31994 42054 7772 32724 34385 33658 41329 9910 1453 40711 20512 41922 
2 1 2 4 6 5 4 
3422 0 1 1 7
10594 1 2 1 5
43578 2 3 1 1
10273 3 4 1 7
44033 4 5 1 6
39211 5 6 1 1
26306 6 7 1 5
25684 7 8 1 2
29320 8 9 1 6
28749 9 10 1 4
21919 10 11 1 5
7194 11 12 1 7
31994 12 13 1 4
42054 13 14 1 5
7772 14 15 1 5
32724 15 16 1 6
34385 16 17 1 4
33658 17 18 1 6
41329 18 19 1 4
9910 19 20 1 7
1453 20 21 1 6
40711 21 22 1 3
20512 22 23 1 3
41922 23 24 1 5
24
