24
27945 11919 22379 9141 24129 27185 20850 16273 28131 19083 5531 22987 10117 31810 26638 35333 6757 4118 3041 30197 34364 17923 35025 5206 
3 3 3 3 6 0 2 2 1 1 
27945 0 1 1 5
11919 1 2 1 1
22379 2 3 1 5
9141 3 4 1 5
24129 4 5 1 10
27185 5 6 1 8
20850 6 7 1 5
16273 7 8 1 4
28131 8 9 1 7
19083 9 10 1 4
5531 10 11 1 4
22987 11 12 1 3
10117 12 13 1 3
31810 13 14 1 1
26638 14 15 1 1
35333 15 16 1 2
6757 16 17 1 2
4118 17 18 1 2
3041 18 19 1 5
30197 19 20 1 8
34364 20 21 1 9
17923 21 22 1 7
35025 22 23 1 5
5206 23 24 1 3
24
