24
3668 29163 34285 2605 19022 15996 30217 46413 54086 4878 20713 8134 33382 24126 49333 5460 2917 7653 15283 10315 11517 672 34376 16087 
2 3 0 3 2 2 5 2 3 2 
3668 0 1 1 2
29163 1 2 1 4
34285 2 3 1 1
2605 3 4 1 8
19022 4 5 1 2
15996 5 6 1 1
30217 6 7 1 4
46413 7 8 1 5
54086 8 9 1 7
4878 9 10 1 7
20713 10 11 1 9
8134 11 12 1 2
33382 12 13 1 7
24126 13 14 1 5
49333 14 15 1 10
5460 15 16 1 8
2917 16 17 1 7
7653 17 18 1 9
15283 18 19 1 4
10315 19 20 1 6
11517 20 21 1 10
672 21 22 1 7
34376 22 23 1 9
16087 23 24 1 6
24
