24
29503 28091 27101 13771 31781 23082 21486 31835 25854 33071 25550 21216 9425 29638 22573 15726 14293 20943 32532 33919 134 29369 2835 28353 
2 2 1 3 3 1 1 4 4 3 
29503 0 1 1 4
28091 1 2 1 7
27101 2 3 1 10
13771 3 4 1 1
31781 4 5 1 6
23082 5 6 1 5
21486 6 7 1 4
31835 7 8 1 8
25854 8 9 1 8
33071 9 10 1 9
25550 10 11 1 9
21216 11 12 1 8
9425 12 13 1 9
29638 13 14 1 5
22573 14 15 1 5
15726 15 16 1 2
14293 16 17 1 9
20943 17 18 1 8
32532 18 19 1 2
33919 19 20 1 10
134 20 21 1 3
29369 21 22 1 4
2835 22 23 1 1
28353 23 24 1 10
24
