24
48514 4648 8986 831 39703 6101 36769 38098 19784 22909 18149 29880 7512 613 49813 45389 20347 2424 15561 6026 35565 38058 47736 41925 
2 4 2 4 0 1 2 4 5 
48514 0 1 1 2
4648 1 2 1 8
8986 2 3 1 1
831 3 4 1 4
39703 4 5 1 1
6101 5 6 1 9
36769 6 7 1 3
38098 7 8 1 2
19784 8 9 1 8
22909 9 10 1 7
18149 10 11 1 4
29880 11 12 1 6
7512 12 13 1 9
613 13 14 1 9
49813 14 15 1 2
45389 15 16 1 9
20347 16 17 1 8
2424 17 18 1 8
15561 18 19 1 3
6026 19 20 1 4
35565 20 21 1 2
38058 21 22 1 7
47736 22 23 1 9
41925 23 24 1 4
24
