24
35551 33635 40708 1364 3638 11813 18901 34050 42545 15885 36172 15292 43678 30483 31400 43335 35724 11237 29840 47473 44461 9551 40342 30290 
2 2 3 1 3 4 3 1 3 2 
35551 0 1 1 10
33635 1 2 1 3
40708 2 3 1 8
1364 3 4 1 3
3638 4 5 1 6
11813 5 6 1 6
18901 6 7 1 10
34050 7 8 1 9
42545 8 9 1 5
15885 9 10 1 4
36172 10 11 1 7
15292 11 12 1 1
43678 12 13 1 5
30483 13 14 1 5
31400 14 15 1 7
43335 15 16 1 9
35724 16 17 1 7
11237 17 18 1 6
29840 18 19 1 6
47473 19 20 1 2
44461 20 21 1 3
9551 21 22 1 1
40342 22 23 1 2
30290 23 24 1 9
24
