24
2631 16704 17624 6032 23223 14298 13834 13178 6811 11677 19579 3133 3491 3856 12705 4332 18521 16170 5409 9016 10832 2745 18730 26209 
2 3 2 4 0 5 1 2 2 3 
2631 0 1 1 6
16704 1 2 1 4
17624 2 3 1 2
6032 3 4 1 8
23223 4 5 1 9
14298 5 6 1 3
13834 6 7 1 2
13178 7 8 1 3
6811 8 9 1 7
11677 9 10 1 2
19579 10 11 1 6
3133 11 12 1 6
3491 12 13 1 10
3856 13 14 1 4
12705 14 15 1 6
4332 15 16 1 4
18521 16 17 1 1
16170 17 18 1 9
5409 18 19 1 4
9016 19 20 1 1
10832 20 21 1 6
2745 21 22 1 10
18730 22 23 1 10
26209 23 24 1 8
24
