24
1953 26678 3817 18596 28743 8955 20169 24839 27777 27516 12817 14145 18406 20624 4472 28761 16402 304 22749 9900 23180 2421 7179 2995 
2 1 1 3 2 1 3 5 4 2 
1953 0 1 1 1
26678 1 2 1 7
3817 2 3 1 8
18596 3 4 1 8
28743 4 5 1 4
8955 5 6 1 9
20169 6 7 1 10
24839 7 8 1 10
27777 8 9 1 1
27516 9 10 1 9
12817 10 11 1 4
14145 11 12 1 2
18406 12 13 1 5
20624 13 14 1 5
4472 14 15 1 8
28761 15 16 1 7
16402 16 17 1 9
304 17 18 1 8
22749 18 19 1 9
9900 19 20 1 3
23180 20 21 1 7
2421 21 22 1 4
7179 22 23 1 6
2995 23 24 1 8
24
