24
27065 4919 16514 42182 15518 17736 24572 27803 25151 2153 24239 24825 37723 10782 20021 33625 38041 43656 8877 44164 20129 3821 17525 49786 
0 1 2 0 1 1 0 1 1 1 1 1 0 2 2 1 0 2 3 1 0 2 0 1 
27065 0 1 1 15
4919 1 2 1 14
16514 2 3 1 9
42182 3 4 1 19
15518 4 5 1 22
17736 5 6 1 14
24572 6 7 1 18
27803 7 8 1 2
25151 8 9 1 19
2153 9 10 1 6
24239 10 11 1 5
24825 11 12 1 18
37723 12 13 1 15
10782 13 14 1 20
20021 14 15 1 8
33625 15 16 1 24
38041 16 17 1 19
43656 17 18 1 3
8877 18 19 1 12
44164 19 20 1 3
20129 20 21 1 11
3821 21 22 1 16
17525 22 23 1 22
49786 23 24 1 10
24
