24
22427 3833 22794 25242 10025 18436 8253 8875 24788 43 565 26383 23198 7914 7089 9001 24166 26955 23309 6252 21010 5900 2457 19046 
1 2 4 4 3 1 0 3 3 3 
22427 0 1 1 4
3833 1 2 1 2
22794 2 3 1 10
25242 3 4 1 5
10025 4 5 1 3
18436 5 6 1 5
8253 6 7 1 3
8875 7 8 1 10
24788 8 9 1 4
43 9 10 1 1
565 10 11 1 9
26383 11 12 1 6
23198 12 13 1 5
7914 13 14 1 4
7089 14 15 1 8
9001 15 16 1 4
24166 16 17 1 8
26955 17 18 1 3
23309 18 19 1 8
6252 19 20 1 9
21010 20 21 1 2
5900 21 22 1 9
2457 22 23 1 3
19046 23 24 1 10
24
