24
46758 14965 5970 17408 25400 25169 19556 23648 31681 4029 4935 5558 37531 48526 12958 21794 24863 35 998 48893 10946 10049 38251 17766 
4 1 1 1 1 0 0 3 1 3 3 1 0 1 2 0 1 1 
46758 0 1 1 1
14965 1 2 1 1
5970 2 3 1 4
17408 3 4 1 5
25400 4 5 1 10
25169 5 6 1 12
19556 6 7 1 8
23648 7 8 1 8
31681 8 9 1 18
4029 9 10 1 10
4935 10 11 1 1
5558 11 12 1 15
37531 12 13 1 17
48526 13 14 1 9
12958 14 15 1 11
21794 15 16 1 14
24863 16 17 1 10
35 17 18 1 1
998 18 19 1 8
48893 19 20 1 2
10946 20 21 1 15
10049 21 22 1 3
38251 22 23 1 11
17766 23 24 1 11
24
