24
1074 17048 15604 12584 10327 18229 2464 25033 4913 27092 26348 21213 30423 19356 834 29931 12187 3059 27688 9395 30756 2409 24259 2192 
2 3 3 4 1 3 3 1 3 1 
1074 0 1 1 3
17048 1 2 1 6
15604 2 3 1 5
12584 3 4 1 2
10327 4 5 1 9
18229 5 6 1 9
2464 6 7 1 4
25033 7 8 1 8
4913 8 9 1 6
27092 9 10 1 3
26348 10 11 1 2
21213 11 12 1 1
30423 12 13 1 4
19356 13 14 1 7
834 14 15 1 4
29931 15 16 1 7
12187 16 17 1 4
3059 17 18 1 6
27688 18 19 1 2
9395 19 20 1 10
30756 20 21 1 1
2409 21 22 1 3
24259 22 23 1 9
2192 23 24 1 7
24
