24
38354 18561 36018 23489 11481 7246 38482 23176 34031 5843 35497 5231 14731 9451 10625 22050 37841 23028 53862 54642 20431 50653 3261 33909 
3 2 1 2 2 2 1 4 4 3 
38354 0 1 1 8
18561 1 2 1 8
36018 2 3 1 6
23489 3 4 1 8
11481 4 5 1 2
7246 5 6 1 10
38482 6 7 1 9
23176 7 8 1 10
34031 8 9 1 4
5843 9 10 1 3
35497 10 11 1 9
5231 11 12 1 9
14731 12 13 1 2
9451 13 14 1 9
10625 14 15 1 5
22050 15 16 1 6
37841 16 17 1 8
23028 17 18 1 10
53862 18 19 1 5
54642 19 20 1 1
20431 20 21 1 1
50653 21 22 1 7
3261 22 23 1 4
33909 23 24 1 1
24
