24
11665 5112 15671 10824 37003 40870 27011 25140 32884 15290 34868 47068 31719 29325 45796 13382 3197 34942 13840 26017 24529 16006 17933 37344 
4 2 4 2 2 5 0 2 1 2 
11665 0 1 1 4
5112 1 2 1 1
15671 2 3 1 6
10824 3 4 1 5
37003 4 5 1 6
40870 5 6 1 1
27011 6 7 1 3
25140 7 8 1 1
32884 8 9 1 4
15290 9 10 1 6
34868 10 11 1 3
47068 11 12 1 2
31719 12 13 1 9
29325 13 14 1 6
45796 14 15 1 3
13382 15 16 1 2
3197 16 17 1 8
34942 17 18 1 1
13840 18 19 1 10
26017 19 20 1 6
24529 20 21 1 10
16006 21 22 1 5
17933 22 23 1 3
37344 23 24 1 8
24
