24
16243 3215 19695 20062 4539 3998 9472 13410 15246 9912 19655 12190 6440 7968 20510 16716 10203 18865 17835 6218 22496 3236 11571 13178 
3 3 3 3 1 1 4 0 2 4 
16243 0 1 1 10
3215 1 2 1 1
19695 2 3 1 9
20062 3 4 1 4
4539 4 5 1 2
3998 5 6 1 1
9472 6 7 1 10
13410 7 8 1 1
15246 8 9 1 2
9912 9 10 1 7
19655 10 11 1 2
12190 11 12 1 7
6440 12 13 1 10
7968 13 14 1 10
20510 14 15 1 3
16716 15 16 1 7
10203 16 17 1 6
18865 17 18 1 4
17835 18 19 1 9
6218 19 20 1 3
22496 20 21 1 4
3236 21 22 1 5
11571 22 23 1 7
13178 23 24 1 3
24
