24
23075 33165 8077 35686 29854 14026 54255 27980 25866 4584 36913 30482 7800 10815 45672 41116 14519 54738 39499 49117 19992 20634 29803 11207 
1 4 3 2 2 2 2 0 4 4 
23075 0 1 1 3
33165 1 2 1 4
8077 2 3 1 2
35686 3 4 1 4
29854 4 5 1 9
14026 5 6 1 6
54255 6 7 1 9
27980 7 8 1 2
25866 8 9 1 5
4584 9 10 1 10
36913 10 11 1 7
30482 11 12 1 10
7800 12 13 1 1
10815 13 14 1 3
45672 14 15 1 6
41116 15 16 1 10
14519 16 17 1 2
54738 17 18 1 10
39499 18 19 1 7
49117 19 20 1 3
19992 20 21 1 9
20634 21 22 1 9
29803 22 23 1 5
11207 23 24 1 2
24
