24
8700 16649 41893 40077 10952 27325 22836 16102 41510 15811 15465 16509 2209 49290 35831 46316 6825 12036 10785 49995 8146 3433 26763 42478 
3 1 1 2 0 2 2 3 1 0 0 1 4 1 0 2 1 0 0 0 0 
8700 0 1 1 4
16649 1 2 1 6
41893 2 3 1 8
40077 3 4 1 16
10952 4 5 1 9
27325 5 6 1 6
22836 6 7 1 13
16102 7 8 1 14
41510 8 9 1 1
15811 9 10 1 4
15465 10 11 1 1
16509 11 12 1 7
2209 12 13 1 17
49290 13 14 1 16
35831 14 15 1 13
46316 15 16 1 13
6825 16 17 1 3
12036 17 18 1 1
10785 18 19 1 8
49995 19 20 1 7
8146 20 21 1 2
3433 21 22 1 8
26763 22 23 1 12
42478 23 24 1 13
24
