24
7246 6993 5183 14633 13453 11631 7875 16761 20989 1053 11290 13942 7153 4753 16201 23988 7991 1919 1285 19721 11299 3430 6123 11688 
2 2 3 2 1 3 4 2 3 2 
7246 0 1 1 5
6993 1 2 1 8
5183 2 3 1 1
14633 3 4 1 8
13453 4 5 1 7
11631 5 6 1 9
7875 6 7 1 7
16761 7 8 1 1
20989 8 9 1 10
1053 9 10 1 9
11290 10 11 1 7
13942 11 12 1 6
7153 12 13 1 3
4753 13 14 1 4
16201 14 15 1 4
23988 15 16 1 2
7991 16 17 1 9
1919 17 18 1 10
1285 18 19 1 6
19721 19 20 1 3
11299 20 21 1 7
3430 21 22 1 3
6123 22 23 1 2
11688 23 24 1 6
24
