24
38701 45073 29436 9149 21395 6193 29399 32566 8621 49948 14446 12660 6802 10608 65 6161 44467 8946 38587 4540 46872 18228 20739 48590 
2 1 0 2 1 1 2 3 2 2 3 1 4 0 
38701 0 1 1 6
45073 1 2 1 8
29436 2 3 1 11
9149 3 4 1 9
21395 4 5 1 13
6193 5 6 1 4
29399 6 7 1 10
32566 7 8 1 5
8621 8 9 1 10
49948 9 10 1 11
14446 10 11 1 4
12660 11 12 1 9
6802 12 13 1 2
10608 13 14 1 12
65 14 15 1 13
6161 15 16 1 1
44467 16 17 1 7
8946 17 18 1 8
38587 18 19 1 1
4540 19 20 1 8
46872 20 21 1 13
18228 21 22 1 7
20739 22 23 1 13
48590 23 24 1 11
24
