24
11414 2196 16642 5124 8693 21608 28139 18550 14512 15704 28260 29437 20388 5791 3161 22692 13470 15840 4709 27183 21051 10055 16986 13446 
1 2 5 2 6 0 3 2 1 2 
11414 0 1 1 7
2196 1 2 1 9
16642 2 3 1 8
5124 3 4 1 7
8693 4 5 1 3
21608 5 6 1 3
28139 6 7 1 5
18550 7 8 1 10
14512 8 9 1 7
15704 9 10 1 10
28260 10 11 1 2
29437 11 12 1 4
20388 12 13 1 5
5791 13 14 1 3
3161 14 15 1 3
22692 15 16 1 4
13470 16 17 1 5
15840 17 18 1 5
4709 18 19 1 3
27183 19 20 1 5
21051 20 21 1 1
10055 21 22 1 8
16986 22 23 1 2
13446 23 24 1 5
24
