24
26740 21618 9910 4449 7359 5471 674 10870 2 6164 14369 14591 19230 21568 25006 27974 28182 28706 27013 20792 8829 10449 10237 22747 
1 2 4 2 1 1 3 1 4 5 
26740 0 1 1 3
21618 1 2 1 6
9910 2 3 1 5
4449 3 4 1 2
7359 4 5 1 10
5471 5 6 1 3
674 6 7 1 7
10870 7 8 1 7
2 8 9 1 4
6164 9 10 1 10
14369 10 11 1 10
14591 11 12 1 3
19230 12 13 1 1
21568 13 14 1 8
25006 14 15 1 2
27974 15 16 1 9
28182 16 17 1 9
28706 17 18 1 10
27013 18 19 1 10
20792 19 20 1 7
8829 20 21 1 3
10449 21 22 1 9
10237 22 23 1 4
22747 23 24 1 9
24
