24
596 1655 14614 10094 14204 1339 5118 1553 1153 2207 8130 2028 2743 3192 11190 14897 15266 6577 2001 103 7202 2398 12214 13598 
3 1 5 1 2 1 4 3 3 1 
596 0 1 1 8
1655 1 2 1 9
14614 2 3 1 7
10094 3 4 1 4
14204 4 5 1 3
1339 5 6 1 8
5118 6 7 1 1
1553 7 8 1 8
1153 8 9 1 6
2207 9 10 1 9
8130 10 11 1 10
2028 11 12 1 3
2743 12 13 1 7
3192 13 14 1 9
11190 14 15 1 2
14897 15 16 1 5
15266 16 17 1 3
6577 17 18 1 1
2001 18 19 1 7
103 19 20 1 7
7202 20 21 1 3
2398 21 22 1 3
12214 22 23 1 5
13598 23 24 1 1
24
