24
39585 8751 17199 46829 6992 13627 4298 35987 8671 37149 25775 17080 5954 26175 45219 20109 13810 36634 6905 30674 12910 29737 47734 14602 
1 2 0 2 1 0 1 5 2 0 3 2 2 2 1 
39585 0 1 1 2
8751 1 2 1 8
17199 2 3 1 2
46829 3 4 1 8
6992 4 5 1 7
13627 5 6 1 14
4298 6 7 1 11
35987 7 8 1 8
8671 8 9 1 12
37149 9 10 1 4
25775 10 11 1 13
17080 11 12 1 9
5954 12 13 1 1
26175 13 14 1 11
45219 14 15 1 5
20109 15 16 1 14
13810 16 17 1 8
36634 17 18 1 8
6905 18 19 1 15
30674 19 20 1 12
12910 20 21 1 13
29737 21 22 1 11
47734 22 23 1 9
14602 23 24 1 4
24
