24
5621 39181 44475 7212 41109 14 16860 17157 28703 39237 48993 18921 48954 3986 37255 15726 16676 25338 21798 42486 34249 44927 38489 6365 
2 4 1 0 0 1 1 1 2 0 2 3 3 3 0 1 
5621 0 1 1 8
39181 1 2 1 12
44475 2 3 1 9
7212 3 4 1 2
41109 4 5 1 12
14 5 6 1 12
16860 6 7 1 3
17157 7 8 1 13
28703 8 9 1 1
39237 9 10 1 13
48993 10 11 1 2
18921 11 12 1 2
48954 12 13 1 6
3986 13 14 1 9
37255 14 15 1 11
15726 15 16 1 2
16676 16 17 1 16
25338 17 18 1 14
21798 18 19 1 1
42486 19 20 1 7
34249 20 21 1 13
44927 21 22 1 14
38489 22 23 1 11
6365 23 24 1 14
24
