24
6212 31440 5634 35797 23290 14218 5058 39842 21026 43516 7175 49074 31245 47597 840 5457 36387 243 38521 90 47561 11037 15629 34666 
1 1 0 0 1 2 1 1 1 1 1 2 1 0 0 1 2 2 1 2 0 0 1 0 2 0 
6212 0 1 1 23
31440 1 2 1 11
5634 2 3 1 16
35797 3 4 1 6
23290 4 5 1 25
14218 5 6 1 17
5058 6 7 1 20
39842 7 8 1 6
21026 8 9 1 9
43516 9 10 1 25
7175 10 11 1 13
49074 11 12 1 17
31245 12 13 1 18
47597 13 14 1 8
840 14 15 1 20
5457 15 16 1 12
36387 16 17 1 19
243 17 18 1 10
38521 18 19 1 2
90 19 20 1 1
47561 20 21 1 12
11037 21 22 1 7
15629 22 23 1 18
34666 23 24 1 5
24
