24
1896 45247 32902 33226 6610 32279 1621 44466 39778 21832 22367 37286 50578 4644 45654 7863 44399 26455 20557 1946 7892 27478 13186 11492 
3 1 6 2 1 1 4 2 2 2 
1896 0 1 1 3
45247 1 2 1 9
32902 2 3 1 1
33226 3 4 1 3
6610 4 5 1 2
32279 5 6 1 9
1621 6 7 1 3
44466 7 8 1 1
39778 8 9 1 8
21832 9 10 1 7
22367 10 11 1 8
37286 11 12 1 5
50578 12 13 1 3
4644 13 14 1 1
45654 14 15 1 7
7863 15 16 1 4
44399 16 17 1 10
26455 17 18 1 7
20557 18 19 1 6
1946 19 20 1 10
7892 20 21 1 3
27478 21 22 1 7
13186 22 23 1 4
11492 23 24 1 3
24
