24
9452 1970 14067 6138 9950 3750 4446 3734 1604 9457 6551 14709 10548 11142 7381 6150 9057 12897 14402 3424 1896 8093 14207 9072 
1 3 2 0 2 6 2 5 1 2 
9452 0 1 1 9
1970 1 2 1 8
14067 2 3 1 1
6138 3 4 1 7
9950 4 5 1 5
3750 5 6 1 6
4446 6 7 1 6
3734 7 8 1 6
1604 8 9 1 10
9457 9 10 1 6
6551 10 11 1 3
14709 11 12 1 8
10548 12 13 1 10
11142 13 14 1 8
7381 14 15 1 3
6150 15 16 1 7
9057 16 17 1 5
12897 17 18 1 8
14402 18 19 1 6
3424 19 20 1 2
1896 20 21 1 2
8093 21 22 1 6
14207 22 23 1 8
9072 23 24 1 2
24
