24
22684 45977 46423 19273 17633 49244 15513 1494 29663 40156 10942 27885 13374 17489 8289 35164 23520 26152 3144 14424 23805 27809 34671 16290 
6 1 2 1 3 1 1 2 6 1 
22684 0 1 1 10
45977 1 2 1 3
46423 2 3 1 1
19273 3 4 1 6
17633 4 5 1 1
49244 5 6 1 1
15513 6 7 1 2
1494 7 8 1 8
29663 8 9 1 1
40156 9 10 1 3
10942 10 11 1 4
27885 11 12 1 9
13374 12 13 1 5
17489 13 14 1 8
8289 14 15 1 5
35164 15 16 1 7
23520 16 17 1 1
26152 17 18 1 9
3144 18 19 1 9
14424 19 20 1 9
23805 20 21 1 9
27809 21 22 1 1
34671 22 23 1 9
16290 23 24 1 5
24
