24
36079 37302 2563 9773 16038 26517 15267 45954 12772 2219 14303 26579 40656 29500 27270 32570 3440 6157 8986 12186 23062 49961 29447 36509 
1 1 0 0 0 1 2 0 2 1 0 0 1 1 2 3 0 1 0 2 3 0 0 1 1 1 0 0 0 
36079 0 1 1 21
37302 1 2 1 9
2563 2 3 1 9
9773 3 4 1 6
16038 4 5 1 10
26517 5 6 1 21
15267 6 7 1 18
45954 7 8 1 20
12772 8 9 1 1
2219 9 10 1 25
14303 10 11 1 15
26579 11 12 1 2
40656 12 13 1 24
29500 13 14 1 16
27270 14 15 1 15
32570 15 16 1 7
3440 16 17 1 7
6157 17 18 1 16
8986 18 19 1 20
12186 19 20 1 26
23062 20 21 1 21
49961 21 22 1 16
29447 22 23 1 14
36509 23 24 1 13
24
