24
37214 13028 23579 42753 41677 46774 30709 34679 47029 5396 25136 49469 26347 21264 20757 32461 42204 49907 7708 43393 29606 5332 3204 13763 
2 6 1 2 2 2 1 3 1 1 2 1 
37214 0 1 1 7
13028 1 2 1 5
23579 2 3 1 2
42753 3 4 1 8
41677 4 5 1 6
46774 5 6 1 2
30709 6 7 1 3
34679 7 8 1 6
47029 8 9 1 1
5396 9 10 1 10
25136 10 11 1 2
49469 11 12 1 2
26347 12 13 1 2
21264 13 14 1 1
20757 14 15 1 9
32461 15 16 1 4
42204 16 17 1 4
49907 17 18 1 8
7708 18 19 1 2
43393 19 20 1 8
29606 20 21 1 12
5332 21 22 1 5
3204 22 23 1 11
13763 23 24 1 11
24
