24
36090 12293 15031 7475 37457 11321 4514 27624 19300 28536 21018 2313 44258 36832 36911 22276 8720 422 27385 24899 34011 22395 31260 6438 
1 1 1 2 0 6 2 2 5 4 
36090 0 1 1 6
12293 1 2 1 1
15031 2 3 1 4
7475 3 4 1 2
37457 4 5 1 7
11321 5 6 1 9
4514 6 7 1 10
27624 7 8 1 6
19300 8 9 1 6
28536 9 10 1 6
21018 10 11 1 4
2313 11 12 1 7
44258 12 13 1 6
36832 13 14 1 8
36911 14 15 1 9
22276 15 16 1 6
8720 16 17 1 10
422 17 18 1 10
27385 18 19 1 9
24899 19 20 1 3
34011 20 21 1 10
22395 21 22 1 8
31260 22 23 1 9
6438 23 24 1 9
24
