24
10055 29330 6817 28859 6603 19641 29024 50000 28935 45395 22453 44383 11055 37748 32074 33225 2463 29362 26275 49936 3972 36449 40290 48324 
2 3 0 2 0 1 1 0 1 0 0 1 2 0 2 0 0 3 5 1 
10055 0 1 1 2
29330 1 2 1 13
6817 2 3 1 2
28859 3 4 1 1
6603 4 5 1 6
19641 5 6 1 20
29024 6 7 1 9
50000 7 8 1 15
28935 8 9 1 19
45395 9 10 1 18
22453 10 11 1 19
44383 11 12 1 2
11055 12 13 1 18
37748 13 14 1 15
32074 14 15 1 1
33225 15 16 1 19
2463 16 17 1 4
29362 17 18 1 12
26275 18 19 1 4
49936 19 20 1 7
3972 20 21 1 18
36449 21 22 1 13
40290 22 23 1 19
48324 23 24 1 19
24
