24
5845 44655 23006 23480 32757 41684 15619 3829 2743 28395 11811 24608 33151 35225 48217 22653 10326 23672 47729 44250 49350 27624 15689 6788 
0 0 0 2 0 0 0 2 1 0 0 1 1 1 1 1 1 1 0 0 2 1 3 2 1 2 1 
5845 0 1 1 16
44655 1 2 1 26
23006 2 3 1 8
23480 3 4 1 22
32757 4 5 1 4
41684 5 6 1 27
15619 6 7 1 26
3829 7 8 1 25
2743 8 9 1 23
28395 9 10 1 17
11811 10 11 1 9
24608 11 12 1 23
33151 12 13 1 12
35225 13 14 1 24
48217 14 15 1 8
22653 15 16 1 18
10326 16 17 1 13
23672 17 18 1 21
47729 18 19 1 14
44250 19 20 1 15
49350 20 21 1 24
27624 21 22 1 23
15689 22 23 1 4
6788 23 24 1 21
24
