24
23505 5773 21609 7507 13048 13707 7999 14750 2565 2807 12885 20329 6280 13299 6714 18373 21130 5277 21434 9526 5641 11307 16528 1070 
5 1 1 4 2 5 2 2 0 2 
23505 0 1 1 4
5773 1 2 1 4
21609 2 3 1 1
7507 3 4 1 6
13048 4 5 1 10
13707 5 6 1 3
7999 6 7 1 8
14750 7 8 1 6
2565 8 9 1 4
2807 9 10 1 1
12885 10 11 1 1
20329 11 12 1 5
6280 12 13 1 7
13299 13 14 1 6
6714 14 15 1 7
18373 15 16 1 2
21130 16 17 1 8
5277 17 18 1 1
21434 18 19 1 1
9526 19 20 1 4
5641 20 21 1 10
11307 21 22 1 6
16528 22 23 1 5
1070 23 24 1 6
24
