24
34661 50786 46262 9590 47886 21911 44129 23699 29934 2772 43399 33593 13218 1580 8610 25908 12642 2333 22890 51389 4558 31617 22932 44575 
6 2 1 2 3 3 1 3 2 1 
34661 0 1 1 4
50786 1 2 1 5
46262 2 3 1 1
9590 3 4 1 5
47886 4 5 1 9
21911 5 6 1 4
44129 6 7 1 3
23699 7 8 1 9
29934 8 9 1 6
2772 9 10 1 5
43399 10 11 1 7
33593 11 12 1 1
13218 12 13 1 6
1580 13 14 1 6
8610 14 15 1 1
25908 15 16 1 1
12642 16 17 1 8
2333 17 18 1 10
22890 18 19 1 2
51389 19 20 1 1
4558 20 21 1 8
31617 21 22 1 8
22932 22 23 1 2
44575 23 24 1 1
24
