24
22565 16031 4843 18298 8856 19529 1950 10790 5852 10472 5230 20900 15783 17842 18112 17220 17839 5875 10109 10849 222 22583 19500 3331 
2 4 2 0 1 3 3 4 3 2 
22565 0 1 1 9
16031 1 2 1 10
4843 2 3 1 8
18298 3 4 1 5
8856 4 5 1 3
19529 5 6 1 1
1950 6 7 1 1
10790 7 8 1 2
5852 8 9 1 7
10472 9 10 1 9
5230 10 11 1 8
20900 11 12 1 7
15783 12 13 1 8
17842 13 14 1 6
18112 14 15 1 9
17220 15 16 1 7
17839 16 17 1 6
5875 17 18 1 10
10109 18 19 1 6
10849 19 20 1 8
222 20 21 1 2
22583 21 22 1 3
19500 22 23 1 2
3331 23 24 1 2
24
