24
12700 33647 22722 24385 40967 10222 25930 3187 5697 16476 40547 39890 23268 24568 29119 11859 30184 30291 34259 28936 35327 38167 6356 23056 
2 4 1 3 1 3 2 3 2 3 
12700 0 1 1 1
33647 1 2 1 8
22722 2 3 1 10
24385 3 4 1 10
40967 4 5 1 10
10222 5 6 1 5
25930 6 7 1 6
3187 7 8 1 6
5697 8 9 1 7
16476 9 10 1 3
40547 10 11 1 6
39890 11 12 1 4
23268 12 13 1 4
24568 13 14 1 2
29119 14 15 1 9
11859 15 16 1 4
30184 16 17 1 2
30291 17 18 1 2
34259 18 19 1 9
28936 19 20 1 8
35327 20 21 1 1
38167 21 22 1 7
6356 22 23 1 2
23056 23 24 1 8
24
