24
30107 3213 5629 22259 37344 44216 31153 12925 20821 26429 11019 14356 30833 16737 2919 34487 47058 29193 37205 7933 46933 47411 11658 19529 
4 4 1 3 1 2 1 4 1 3 
30107 0 1 1 10
3213 1 2 1 5
5629 2 3 1 9
22259 3 4 1 1
37344 4 5 1 8
44216 5 6 1 4
31153 6 7 1 3
12925 7 8 1 1
20821 8 9 1 2
26429 9 10 1 2
11019 10 11 1 1
14356 11 12 1 4
30833 12 13 1 4
16737 13 14 1 10
2919 14 15 1 2
34487 15 16 1 1
47058 16 17 1 2
29193 17 18 1 8
37205 18 19 1 8
7933 19 20 1 7
46933 20 21 1 8
47411 21 22 1 6
11658 22 23 1 6
19529 23 24 1 10
24
