24
51530 49820 15407 43573 40713 42697 5651 145 33498 26710 34356 8197 21036 50601 48921 55829 10616 45043 10673 51802 7002 44396 31242 6598 
3 6 1 4 2 0 1 5 2 0 
51530 0 1 1 2
49820 1 2 1 4
15407 2 3 1 2
43573 3 4 1 2
40713 4 5 1 2
42697 5 6 1 4
5651 6 7 1 7
145 7 8 1 5
33498 8 9 1 9
26710 9 10 1 2
34356 10 11 1 8
8197 11 12 1 1
21036 12 13 1 2
50601 13 14 1 8
48921 14 15 1 9
55829 15 16 1 8
10616 16 17 1 8
45043 17 18 1 5
10673 18 19 1 1
51802 19 20 1 1
7002 20 21 1 3
44396 21 22 1 4
31242 22 23 1 4
6598 23 24 1 8
24
