24
20972 7885 5214 3069 33119 22908 29612 22807 33161 7248 22546 3926 1936 33455 35206 16095 15168 19867 26204 21075 33672 14259 26764 19318 
3 6 1 2 3 3 1 3 1 1 
20972 0 1 1 4
7885 1 2 1 7
5214 2 3 1 4
3069 3 4 1 3
33119 4 5 1 2
22908 5 6 1 5
29612 6 7 1 1
22807 7 8 1 1
33161 8 9 1 10
7248 9 10 1 8
22546 10 11 1 2
3926 11 12 1 9
1936 12 13 1 8
33455 13 14 1 2
35206 14 15 1 6
16095 15 16 1 2
15168 16 17 1 1
19867 17 18 1 6
26204 18 19 1 5
21075 19 20 1 6
33672 20 21 1 5
14259 21 22 1 8
26764 22 23 1 2
19318 23 24 1 2
24
