24
43294 30474 12854 346 19369 6379 18021 39979 6585 33445 595 30279 5301 24543 12923 25281 2271 13585 11811 28142 23295 51605 17840 25469 
0 0 4 3 6 1 2 5 1 2 
43294 0 1 1 9
30474 1 2 1 4
12854 2 3 1 3
346 3 4 1 10
19369 4 5 1 10
6379 5 6 1 8
18021 6 7 1 8
39979 7 8 1 3
6585 8 9 1 5
33445 9 10 1 4
595 10 11 1 8
30279 11 12 1 7
5301 12 13 1 6
24543 13 14 1 8
12923 14 15 1 5
25281 15 16 1 4
2271 16 17 1 8
13585 17 18 1 5
11811 18 19 1 3
28142 19 20 1 7
23295 20 21 1 5
51605 21 22 1 3
17840 22 23 1 5
25469 23 24 1 5
24
