24
35612 38201 45361 18878 3551 29606 1047 35006 36024 21606 29055 1236 7413 31622 19231 37528 17937 25763 43843 25522 6907 22522 39491 48670 
1 1 2 1 1 1 0 0 0 0 1 2 1 2 1 0 1 1 1 0 1 1 0 2 0 1 0 0 2 
35612 0 1 1 11
38201 1 2 1 14
45361 2 3 1 24
18878 3 4 1 12
3551 4 5 1 5
29606 5 6 1 12
1047 6 7 1 29
35006 7 8 1 21
36024 8 9 1 19
21606 9 10 1 15
29055 10 11 1 18
1236 11 12 1 13
7413 12 13 1 17
31622 13 14 1 24
19231 14 15 1 3
37528 15 16 1 2
17937 16 17 1 22
25763 17 18 1 14
43843 18 19 1 29
25522 19 20 1 3
6907 20 21 1 4
22522 21 22 1 1
39491 22 23 1 6
48670 23 24 1 26
24
