24
17486 9765 5315 8122 19969 14362 19469 8145 2082 22635 22856 15948 1215 3434 19889 16473 16281 3344 6091 21211 965 21618 12205 7043 
3 0 4 2 3 1 3 2 1 5 
17486 0 1 1 9
9765 1 2 1 10
5315 2 3 1 1
8122 3 4 1 10
19969 4 5 1 7
14362 5 6 1 6
19469 6 7 1 3
8145 7 8 1 7
2082 8 9 1 8
22635 9 10 1 10
22856 10 11 1 3
15948 11 12 1 5
1215 12 13 1 8
3434 13 14 1 3
19889 14 15 1 10
16473 15 16 1 4
16281 16 17 1 7
3344 17 18 1 3
6091 18 19 1 5
21211 19 20 1 5
965 20 21 1 4
21618 21 22 1 1
12205 22 23 1 1
7043 23 24 1 10
24
