24
10021 2154 19557 12629 22699 26507 22361 6814 1179 29454 16405 7967 25424 18092 13050 1359 30337 2314 8617 13505 27216 393 26518 30970 
5 2 0 2 3 1 5 4 1 1 
10021 0 1 1 7
2154 1 2 1 1
19557 2 3 1 7
12629 3 4 1 7
22699 4 5 1 5
26507 5 6 1 1
22361 6 7 1 8
6814 7 8 1 8
1179 8 9 1 7
29454 9 10 1 2
16405 10 11 1 7
7967 11 12 1 8
25424 12 13 1 6
18092 13 14 1 1
13050 14 15 1 1
1359 15 16 1 5
30337 16 17 1 8
2314 17 18 1 2
8617 18 19 1 4
13505 19 20 1 1
27216 20 21 1 10
393 21 22 1 4
26518 22 23 1 5
30970 23 24 1 9
24
