24
7466 187 13061 6746 12091 6379 13818 6733 14635 3655 11398 7108 4293 3992 17791 314 6475 4790 11512 9836 15398 8465 11513 10569 
3 3 3 1 1 4 5 1 1 2 
7466 0 1 1 6
187 1 2 1 7
13061 2 3 1 7
6746 3 4 1 7
12091 4 5 1 6
6379 5 6 1 4
13818 6 7 1 9
6733 7 8 1 10
14635 8 9 1 6
3655 9 10 1 1
11398 10 11 1 3
7108 11 12 1 1
4293 12 13 1 3
3992 13 14 1 5
17791 14 15 1 8
314 15 16 1 3
6475 16 17 1 6
4790 17 18 1 2
11512 18 19 1 1
9836 19 20 1 10
15398 20 21 1 7
8465 21 22 1 2
11513 22 23 1 2
10569 23 24 1 7
24
