24
15043 36226 28926 14466 26360 11870 6552 33483 37914 35255 20597 24062 35666 13840 27290 15073 32119 30065 35686 24720 7068 25799 6944 25114 
4 1 2 1 2 2 1 3 4 4 
15043 0 1 1 8
36226 1 2 1 1
28926 2 3 1 7
14466 3 4 1 5
26360 4 5 1 3
11870 5 6 1 8
6552 6 7 1 5
33483 7 8 1 10
37914 8 9 1 4
35255 9 10 1 6
20597 10 11 1 1
24062 11 12 1 9
35666 12 13 1 9
13840 13 14 1 2
27290 14 15 1 10
15073 15 16 1 6
32119 16 17 1 8
30065 17 18 1 9
35686 18 19 1 1
24720 19 20 1 10
7068 20 21 1 9
25799 21 22 1 1
6944 22 23 1 10
25114 23 24 1 3
24
