24
5658 34256 25091 7118 10390 12357 33799 5744 19843 28793 12747 36450 40537 11637 30881 44668 24102 17599 2114 23780 31341 30415 640 31958 
0 1 0 2 1 0 2 1 1 1 2 1 3 4 1 1 3 
5658 0 1 1 13
34256 1 2 1 7
25091 2 3 1 14
7118 3 4 1 15
10390 4 5 1 17
12357 5 6 1 17
33799 6 7 1 11
5744 7 8 1 4
19843 8 9 1 14
28793 9 10 1 2
12747 10 11 1 12
36450 11 12 1 8
40537 12 13 1 4
11637 13 14 1 7
30881 14 15 1 13
44668 15 16 1 11
24102 16 17 1 17
17599 17 18 1 16
2114 18 19 1 5
23780 19 20 1 10
31341 20 21 1 9
30415 21 22 1 14
640 22 23 1 14
31958 23 24 1 13
24
