24
29574 12136 7498 7062 34967 19795 16441 30579 34978 22120 20840 8104 18287 27221 14881 26204 5597 22076 27547 18953 2653 1602 11298 4590 
3 5 3 0 2 2 2 0 2 5 
29574 0 1 1 2
12136 1 2 1 5
7498 2 3 1 6
7062 3 4 1 3
34967 4 5 1 1
19795 5 6 1 5
16441 6 7 1 7
30579 7 8 1 2
34978 8 9 1 3
22120 9 10 1 2
20840 10 11 1 9
8104 11 12 1 10
18287 12 13 1 10
27221 13 14 1 2
14881 14 15 1 10
26204 15 16 1 3
5597 16 17 1 10
22076 17 18 1 1
27547 18 19 1 6
18953 19 20 1 2
2653 20 21 1 1
1602 21 22 1 10
11298 22 23 1 9
4590 23 24 1 7
24
