24
2368 2554 10660 21489 20524 26460 14715 12273 6186 30125 32101 12612 9753 25266 12136 30712 26197 3734 26873 19933 32020 9630 21968 6306 
4 2 1 2 4 5 2 2 2 0 
2368 0 1 1 6
2554 1 2 1 9
10660 2 3 1 4
21489 3 4 1 5
20524 4 5 1 6
26460 5 6 1 8
14715 6 7 1 6
12273 7 8 1 8
6186 8 9 1 5
30125 9 10 1 5
32101 10 11 1 7
12612 11 12 1 1
9753 12 13 1 6
25266 13 14 1 4
12136 14 15 1 2
30712 15 16 1 7
26197 16 17 1 1
3734 17 18 1 3
26873 18 19 1 6
19933 19 20 1 1
32020 20 21 1 9
9630 21 22 1 5
21968 22 23 1 1
6306 23 24 1 2
24
