24
16822 2752 15491 29742 3954 38411 7546 14272 6194 18171 12585 20963 29587 32457 12304 14323 37587 35498 888 6921 37409 27471 35153 21115 
2 1 3 2 5 1 0 2 5 3 
16822 0 1 1 9
2752 1 2 1 4
15491 2 3 1 4
29742 3 4 1 5
3954 4 5 1 5
38411 5 6 1 9
7546 6 7 1 8
14272 7 8 1 9
6194 8 9 1 6
18171 9 10 1 9
12585 10 11 1 9
20963 11 12 1 3
29587 12 13 1 5
32457 13 14 1 10
12304 14 15 1 2
14323 15 16 1 3
37587 16 17 1 10
35498 17 18 1 5
888 18 19 1 3
6921 19 20 1 5
37409 20 21 1 8
27471 21 22 1 1
35153 22 23 1 1
21115 23 24 1 10
24
