24
19690 24980 39606 15767 20207 15336 26592 33644 20354 22172 22146 35566 32342 23353 17361 49149 3803 47246 44227 8036 2629 386 20460 31496 
1 3 2 1 0 3 1 1 1 3 2 0 2 1 0 1 2 0 0 
19690 0 1 1 2
24980 1 2 1 3
39606 2 3 1 10
15767 3 4 1 13
20207 4 5 1 2
15336 5 6 1 17
26592 6 7 1 8
33644 7 8 1 11
20354 8 9 1 16
22172 9 10 1 13
22146 10 11 1 2
35566 11 12 1 3
32342 12 13 1 7
23353 13 14 1 6
17361 14 15 1 10
49149 15 16 1 6
3803 16 17 1 10
47246 17 18 1 4
44227 18 19 1 11
8036 19 20 1 1
2629 20 21 1 17
386 21 22 1 14
20460 22 23 1 6
31496 23 24 1 9
24
