24
3395 2817 28224 16464 21579 629 1032 3 15285 29532 18521 11411 12365 11210 32894 23021 26573 23856 1942 9674 22719 32341 32996 11311 
4 3 3 4 2 3 1 2 1 1 
3395 0 1 1 3
2817 1 2 1 8
28224 2 3 1 6
16464 3 4 1 1
21579 4 5 1 2
629 5 6 1 8
1032 6 7 1 4
3 7 8 1 10
15285 8 9 1 5
29532 9 10 1 1
18521 10 11 1 4
11411 11 12 1 6
12365 12 13 1 3
11210 13 14 1 4
32894 14 15 1 4
23021 15 16 1 7
26573 16 17 1 2
23856 17 18 1 1
1942 18 19 1 3
9674 19 20 1 1
22719 20 21 1 2
32341 21 22 1 5
32996 22 23 1 9
11311 23 24 1 6
24
