24
23751 31278 37824 11258 27281 16289 17158 41509 39938 25648 35288 37457 10681 15767 32985 916 23990 18128 18396 34938 41906 37955 31539 39681 
0 5 3 6 0 1 1 3 3 2 
23751 0 1 1 4
31278 1 2 1 7
37824 2 3 1 2
11258 3 4 1 2
27281 4 5 1 4
16289 5 6 1 3
17158 6 7 1 8
41509 7 8 1 9
39938 8 9 1 4
25648 9 10 1 2
35288 10 11 1 8
37457 11 12 1 6
10681 12 13 1 9
15767 13 14 1 3
32985 14 15 1 2
916 15 16 1 3
23990 16 17 1 2
18128 17 18 1 4
18396 18 19 1 8
34938 19 20 1 4
41906 20 21 1 10
37955 21 22 1 4
31539 22 23 1 9
39681 23 24 1 10
24
