24
25408 15513 16120 10445 30862 43284 28465 26144 8724 21573 28368 39988 30729 29575 26848 37754 40719 22722 30782 49917 45909 21251 695 6745 
0 1 1 1 3 0 3 2 2 0 1 2 2 2 0 3 1 
25408 0 1 1 12
15513 1 2 1 16
16120 2 3 1 9
10445 3 4 1 14
30862 4 5 1 16
43284 5 6 1 3
28465 6 7 1 8
26144 7 8 1 8
8724 8 9 1 7
21573 9 10 1 16
28368 10 11 1 7
39988 11 12 1 13
30729 12 13 1 2
29575 13 14 1 11
26848 14 15 1 13
37754 15 16 1 5
40719 16 17 1 17
22722 17 18 1 14
30782 18 19 1 12
49917 19 20 1 5
45909 20 21 1 5
21251 21 22 1 9
695 22 23 1 4
6745 23 24 1 7
24
