24
30212 33590 15627 7374 11654 4096 26184 3324 1129 38010 16089 38661 10857 28614 32255 10304 8679 13421 35598 7383 534 11384 30372 28385 
5 1 1 2 2 5 2 4 1 1 
30212 0 1 1 5
33590 1 2 1 9
15627 2 3 1 8
7374 3 4 1 5
11654 4 5 1 1
4096 5 6 1 3
26184 6 7 1 8
3324 7 8 1 7
1129 8 9 1 2
38010 9 10 1 6
16089 10 11 1 6
38661 11 12 1 4
10857 12 13 1 6
28614 13 14 1 8
32255 14 15 1 4
10304 15 16 1 6
8679 16 17 1 6
13421 17 18 1 1
35598 18 19 1 7
7383 19 20 1 10
534 20 21 1 1
11384 21 22 1 1
30372 22 23 1 1
28385 23 24 1 8
24
