24
4457 16390 26192 56781 11346 33341 21462 12976 11073 36980 27698 49 38525 33180 40464 10684 3168 43422 58180 53549 1038 48860 7658 14294 
0 2 3 6 2 2 2 2 2 3 
4457 0 1 1 5
16390 1 2 1 8
26192 2 3 1 6
56781 3 4 1 4
11346 4 5 1 7
33341 5 6 1 4
21462 6 7 1 4
12976 7 8 1 4
11073 8 9 1 3
36980 9 10 1 9
27698 10 11 1 4
49 11 12 1 10
38525 12 13 1 9
33180 13 14 1 7
40464 14 15 1 5
10684 15 16 1 3
3168 16 17 1 6
43422 17 18 1 10
58180 18 19 1 3
53549 19 20 1 2
1038 20 21 1 4
48860 21 22 1 2
7658 22 23 1 10
14294 23 24 1 8
24
