24
25260 18182 41972 9253 36424 40576 17756 20696 6253 29089 42825 27217 9001 22292 32074 28912 29771 4704 36787 27454 38653 17677 35002 36821 
5 2 3 4 0 2 1 2 2 3 
25260 0 1 1 9
18182 1 2 1 1
41972 2 3 1 8
9253 3 4 1 1
36424 4 5 1 1
40576 5 6 1 4
17756 6 7 1 10
20696 7 8 1 6
6253 8 9 1 10
29089 9 10 1 2
42825 10 11 1 3
27217 11 12 1 3
9001 12 13 1 6
22292 13 14 1 10
32074 14 15 1 4
28912 15 16 1 8
29771 16 17 1 9
4704 17 18 1 3
36787 18 19 1 4
27454 19 20 1 1
38653 20 21 1 1
17677 21 22 1 4
35002 22 23 1 7
36821 23 24 1 2
24
