24
9866 5403 53555 10432 16884 3982 33488 3050 557 36967 24774 27503 42270 648 40997 26832 1211 35612 39131 24258 22202 26955 7511 23978 
3 1 3 2 1 3 3 2 2 4 
9866 0 1 1 1
5403 1 2 1 6
53555 2 3 1 7
10432 3 4 1 4
16884 4 5 1 7
3982 5 6 1 4
33488 6 7 1 3
3050 7 8 1 9
557 8 9 1 9
36967 9 10 1 10
24774 10 11 1 2
27503 11 12 1 5
42270 12 13 1 1
648 13 14 1 8
40997 14 15 1 10
26832 15 16 1 3
1211 16 17 1 6
35612 17 18 1 3
39131 18 19 1 8
24258 19 20 1 6
22202 20 21 1 1
26955 21 22 1 7
7511 22 23 1 10
23978 23 24 1 10
24
