24
27278 41203 28993 27670 34777 17650 49646 20724 12592 22273 10888 28240 27049 21572 31219 37766 26792 26742 10786 2033 18916 15537 49367 21823 
4 2 2 3 2 0 2 2 3 4 
27278 0 1 1 4
41203 1 2 1 9
28993 2 3 1 3
27670 3 4 1 10
34777 4 5 1 1
17650 5 6 1 9
49646 6 7 1 8
20724 7 8 1 3
12592 8 9 1 2
22273 9 10 1 1
10888 10 11 1 1
28240 11 12 1 2
27049 12 13 1 1
21572 13 14 1 5
31219 14 15 1 10
37766 15 16 1 4
26792 16 17 1 9
26742 17 18 1 5
10786 18 19 1 8
2033 19 20 1 10
18916 20 21 1 7
15537 21 22 1 10
49367 22 23 1 4
21823 23 24 1 7
24
