24
7180 20553 26774 11958 24039 9225 97 26337 23771 25415 15501 20086 24941 16167 129 23031 13834 20329 24651 3446 24407 114 10020 16444 
3 4 2 1 4 3 1 1 4 1 
7180 0 1 1 5
20553 1 2 1 6
26774 2 3 1 7
11958 3 4 1 5
24039 4 5 1 1
9225 5 6 1 6
97 6 7 1 4
26337 7 8 1 9
23771 8 9 1 6
25415 9 10 1 8
15501 10 11 1 2
20086 11 12 1 1
24941 12 13 1 9
16167 13 14 1 2
129 14 15 1 5
23031 15 16 1 3
13834 16 17 1 1
20329 17 18 1 3
24651 18 19 1 9
3446 19 20 1 9
24407 20 21 1 2
114 21 22 1 2
10020 22 23 1 10
16444 23 24 1 5
24
