24
40904 30591 44691 35906 37561 34707 25909 16298 49326 5535 33382 24948 21676 35664 1319 9059 565 8906 48999 41474 26538 28149 218 47656 
4 2 7 0 0 3 3 2 2 1 
40904 0 1 1 2
30591 1 2 1 1
44691 2 3 1 3
35906 3 4 1 2
37561 4 5 1 6
34707 5 6 1 6
25909 6 7 1 3
16298 7 8 1 7
49326 8 9 1 1
5535 9 10 1 10
33382 10 11 1 3
24948 11 12 1 6
21676 12 13 1 3
35664 13 14 1 8
1319 14 15 1 8
9059 15 16 1 3
565 16 17 1 7
8906 17 18 1 9
48999 18 19 1 1
41474 19 20 1 3
26538 20 21 1 1
28149 21 22 1 9
218 22 23 1 3
47656 23 24 1 7
24
