24
11336 10120 18080 22826 34814 14796 33549 32533 15431 20309 13895 6806 22311 1410 39933 4431 1340 31859 3769 12974 23472 35284 18404 31571 
3 2 2 1 4 4 4 0 2 2 
11336 0 1 1 7
10120 1 2 1 3
18080 2 3 1 5
22826 3 4 1 3
34814 4 5 1 5
14796 5 6 1 6
33549 6 7 1 10
32533 7 8 1 6
15431 8 9 1 7
20309 9 10 1 5
13895 10 11 1 1
6806 11 12 1 10
22311 12 13 1 6
1410 13 14 1 2
39933 14 15 1 1
4431 15 16 1 1
1340 16 17 1 6
31859 17 18 1 9
3769 18 19 1 4
12974 19 20 1 9
23472 20 21 1 5
35284 21 22 1 2
18404 22 23 1 7
31571 23 24 1 7
24
