24
4585 8943 10951 10668 8069 21687 7176 7172 15485 3145 11026 10698 5245 12684 21621 6747 20248 7565 9264 12107 14171 7775 15839 8989 
3 1 3 2 3 1 2 3 4 2 
4585 0 1 1 7
8943 1 2 1 1
10951 2 3 1 2
10668 3 4 1 5
8069 4 5 1 3
21687 5 6 1 9
7176 6 7 1 5
7172 7 8 1 8
15485 8 9 1 1
3145 9 10 1 4
11026 10 11 1 1
10698 11 12 1 6
5245 12 13 1 5
12684 13 14 1 4
21621 14 15 1 10
6747 15 16 1 8
20248 16 17 1 3
7565 17 18 1 9
9264 18 19 1 9
12107 19 20 1 9
14171 20 21 1 10
7775 21 22 1 8
15839 22 23 1 7
8989 23 24 1 3
24
