24
43768 21632 6574 42138 16567 13551 35951 1416 44663 48176 32185 25445 40343 6 30759 40779 8263 11553 39610 2559 8305 47978 3182 34625 
4 1 1 3 5 5 3 2 
43768 0 1 1 5
21632 1 2 1 4
6574 2 3 1 7
42138 3 4 1 8
16567 4 5 1 6
13551 5 6 1 5
35951 6 7 1 3
1416 7 8 1 7
44663 8 9 1 6
48176 9 10 1 6
32185 10 11 1 6
25445 11 12 1 4
40343 12 13 1 1
6 13 14 1 5
30759 14 15 1 4
40779 15 16 1 2
8263 16 17 1 1
11553 17 18 1 7
39610 18 19 1 6
2559 19 20 1 5
8305 20 21 1 5
47978 21 22 1 1
3182 22 23 1 1
34625 23 24 1 8
24
