24
32719 20880 5999 7909 27442 16401 35189 19484 870 38583 25263 27046 47055 28279 46397 19716 40454 25408 39048 22877 3140 46426 6212 11984 
1 4 3 1 4 4 0 2 0 2 3 
32719 0 1 1 11
20880 1 2 1 2
5999 2 3 1 5
7909 3 4 1 6
27442 4 5 1 8
16401 5 6 1 8
35189 6 7 1 3
19484 7 8 1 4
870 8 9 1 10
38583 9 10 1 2
25263 10 11 1 6
27046 11 12 1 5
47055 12 13 1 11
28279 13 14 1 5
46397 14 15 1 11
19716 15 16 1 5
40454 16 17 1 3
25408 17 18 1 1
39048 18 19 1 2
22877 19 20 1 6
3140 20 21 1 2
46426 21 22 1 10
6212 22 23 1 6
11984 23 24 1 3
24
