24
47813 4929 9477 12257 10301 5097 1636 7574 20124 13054 39607 43239 13630 47037 30646 42331 9046 7163 22165 35290 16770 2562 14588 21487 
0 0 0 5 1 1 0 1 1 2 0 0 1 0 2 3 0 2 1 1 0 3 
47813 0 1 1 22
4929 1 2 1 13
9477 2 3 1 4
12257 3 4 1 9
10301 4 5 1 15
5097 5 6 1 5
1636 6 7 1 4
7574 7 8 1 22
20124 8 9 1 20
13054 9 10 1 16
39607 10 11 1 19
43239 11 12 1 15
13630 12 13 1 4
47037 13 14 1 18
30646 14 15 1 4
42331 15 16 1 10
9046 16 17 1 4
7163 17 18 1 18
22165 18 19 1 8
35290 19 20 1 6
16770 20 21 1 16
2562 21 22 1 22
14588 22 23 1 10
21487 23 24 1 16
24
