24
16131 29647 13361 27410 11152 17032 24187 22827 25478 10895 35203 284 29664 13368 11432 1962 4208 15813 32139 3948 39000 21211 557 15457 
3 1 3 4 4 1 1 2 3 2 
16131 0 1 1 5
29647 1 2 1 10
13361 2 3 1 4
27410 3 4 1 1
11152 4 5 1 1
17032 5 6 1 10
24187 6 7 1 4
22827 7 8 1 2
25478 8 9 1 1
10895 9 10 1 5
35203 10 11 1 4
284 11 12 1 9
29664 12 13 1 9
13368 13 14 1 3
11432 14 15 1 4
1962 15 16 1 3
4208 16 17 1 6
15813 17 18 1 5
32139 18 19 1 7
3948 19 20 1 8
39000 20 21 1 8
21211 21 22 1 5
557 22 23 1 3
15457 23 24 1 9
24
