24
12927 6346 15535 697 16627 9917 12004 14202 7897 11457 601 10195 12060 18790 6123 14905 7879 6564 3815 10636 11989 5586 9635 10540 
1 2 1 3 1 3 4 5 2 2 
12927 0 1 1 6
6346 1 2 1 10
15535 2 3 1 8
697 3 4 1 7
16627 4 5 1 3
9917 5 6 1 6
12004 6 7 1 5
14202 7 8 1 7
7897 8 9 1 6
11457 9 10 1 2
601 10 11 1 10
10195 11 12 1 2
12060 12 13 1 9
18790 13 14 1 4
6123 14 15 1 4
14905 15 16 1 1
7879 16 17 1 9
6564 17 18 1 4
3815 18 19 1 7
10636 19 20 1 8
11989 20 21 1 8
5586 21 22 1 7
9635 22 23 1 8
10540 23 24 1 8
24
