24
1778 12932 14592 10324 35407 18629 36833 35439 32182 10204 17785 43596 26312 4772 30125 33538 46999 38927 49734 35955 23217 26223 24719 44681 
1 0 1 2 0 0 2 0 0 0 3 0 0 1 1 1 1 1 1 0 2 0 1 0 0 1 2 0 2 1 
1778 0 1 1 7
12932 1 2 1 27
14592 2 3 1 15
10324 3 4 1 19
35407 4 5 1 29
18629 5 6 1 26
36833 6 7 1 23
35439 7 8 1 1
32182 8 9 1 21
10204 9 10 1 30
17785 10 11 1 7
43596 11 12 1 3
26312 12 13 1 11
4772 13 14 1 4
30125 14 15 1 17
33538 15 16 1 4
46999 16 17 1 16
38927 17 18 1 18
49734 18 19 1 27
35955 19 20 1 11
23217 20 21 1 11
26223 21 22 1 14
24719 22 23 1 29
44681 23 24 1 21
24
