24
17492 1217 7487 5567 11125 17276 1766 15836 8585 9909 19143 8861 10765 11019 12200 19610 13726 19479 7914 17361 10085 17827 1084 9226 
5 1 3 1 1 5 1 4 1 2 
17492 0 1 1 9
1217 1 2 1 1
7487 2 3 1 4
5567 3 4 1 6
11125 4 5 1 10
17276 5 6 1 1
1766 6 7 1 1
15836 7 8 1 6
8585 8 9 1 3
9909 9 10 1 8
19143 10 11 1 5
8861 11 12 1 6
10765 12 13 1 2
11019 13 14 1 10
12200 14 15 1 6
19610 15 16 1 7
13726 16 17 1 1
19479 17 18 1 3
7914 18 19 1 1
17361 19 20 1 8
10085 20 21 1 6
17827 21 22 1 8
1084 22 23 1 8
9226 23 24 1 3
24
