24
13670 6530 4216 5659 22738 2971 21772 9447 21361 8753 13463 15744 659 18835 23065 29612 5719 1260 7616 1863 2744 26392 369 6366 
3 3 1 1 4 1 3 4 1 3 
13670 0 1 1 5
6530 1 2 1 4
4216 2 3 1 9
5659 3 4 1 5
22738 4 5 1 3
2971 5 6 1 10
21772 6 7 1 7
9447 7 8 1 2
21361 8 9 1 5
8753 9 10 1 1
13463 10 11 1 10
15744 11 12 1 1
659 12 13 1 2
18835 13 14 1 2
23065 14 15 1 1
29612 15 16 1 8
5719 16 17 1 8
1260 17 18 1 7
7616 18 19 1 5
1863 19 20 1 10
2744 20 21 1 6
26392 21 22 1 8
369 22 23 1 7
6366 23 24 1 8
24
