24
32486 42953 40046 15127 44551 29754 20390 8355 22782 22314 38367 41907 2206 14565 8636 1879 3381 19812 38864 47010 18436 37248 33150 48381 
2 1 4 1 5 1 5 2 3 0 0 
32486 0 1 1 1
42953 1 2 1 8
40046 2 3 1 3
15127 3 4 1 7
44551 4 5 1 5
29754 5 6 1 6
20390 6 7 1 3
8355 7 8 1 3
22782 8 9 1 4
22314 9 10 1 2
38367 10 11 1 7
41907 11 12 1 9
2206 12 13 1 7
14565 13 14 1 8
8636 14 15 1 3
1879 15 16 1 9
3381 16 17 1 5
19812 17 18 1 7
38864 18 19 1 5
47010 19 20 1 5
18436 20 21 1 5
37248 21 22 1 9
33150 22 23 1 1
48381 23 24 1 7
24
